# Zeeman image prpjection from 65 to 90
8
24
32
11
35
33
62
23
36
29
21
8
30
8
15
26
37
49
44
44
24
31
21
2
58
19
14
24
12
39
19
25
18
16
24
20
27
33
15
48
31
-4
28
23
29
31
30
32
11
14
19
18
-1
22
10
11
17
25
19
44
7
17
52
36
-3
19
13
30
26
28
30
44
3
10
23
24
37
-1
28
19
12
12
28
34
28
48
35
34
41
11
33
5
32
15
9
28
42
30
24
14
29
47
7
6
8
5
2
34
20
24
0
7
32
12
7
4
6
29
30
28
24
24
26
19
52
36
12
11
8
34
21
32
13
12
12
8
33
13
14
-12
10
24
17
25
12
17
7
15
0
23
19
18
22
6
17
38
4
1
23
4
37
11
23
21
32
13
-4
19
22
20
24
31
16
19
15
8
38
25
14
34
10
15
25
25
16
8
28
40
29
7
24
9
9
20
3
26
4
-12
24
4
19
27
7
-1
24
27
8
16
26
18
13
18
11
16
32
16
15
1
12
-21
-17
0
7
10
5
36
11
3
3
42
17
15
27
-15
29
43
2
6
8
30
3
20
-27
-8
33
-15
14
5
37
-15
4
26
-4
-5
11
-9
-16
0
24
24
23
4
30
3
-19
8
17
-10
31
22
19
18
3
56
9
32
15
16
13
14
25
2
4
16
41
6
8
37
10
3
23
33
18
21
19
26
-5
22
26
20
5
28
44
15
31
21
16
15
37
45
10
15
-5
17
8
1
39
20
28
37
22
11
4
-8
35
-8
-10
4
7
19
0
6
16
10
28
25
16
10
15
-7
43
-4
35
-1
15
-12
18
8
27
4
13
15
8
29
-12
20
22
29
21
14
5
17
1
-8
30
-1
-9
28
10
35
13
16
39
11
-8
16
8
3
32
4
20
9
21
20
16
3
1
10
19
8
35
-15
-2
6
16
-1
-3
-8
-9
16
38
37
36
-4
20
9
1
9
10
-7
6
-8
16
-9
-7
2
21
32
30
26
5
11
31
8
42
15
12
11
8
29
15
20
4
18
21
-7
2
23
17
17
16
9
21
12
2
-8
-19
12
20
23
22
25
10
4
9
21
48
10
4
49
26
5
23
20
28
-8
33
10
37
-2
-2
11
23
29
33
40
7
27
-2
2
12
-4
35
-2
16
15
9
13
19
22
-14
-15
18
36
14
19
14
14
2
-4
30
21
13
32
30
32
8
12
6
14
2
6
-8
5
0
16
8
3
11
13
16
1
41
10
39
10
19
28
22
27
11
3
42
-2
31
17
28
17
18
30
-6
17
16
30
13
-4
9
1
43
26
-3
-4
23
10
9
15
8
-13
4
11
7
2
40
20
12
25
16
-15
-4
14
16
8
31
21
8
29
-4
0
12
8
9
10
12
38
20
32
8
6
4
-3
21
-9
10
10
-5
-9
21
16
-7
6
1
39
15
18
7
24
22
9
6
9
21
22
24
1
16
12
12
24
3
12
5
21
14
8
17
22
-3
7
32
11
22
20
7
-3
11
2
5
1
-7
22
-14
5
-5
19
-10
2
3
19
9
35
-10
3
51
10
16
-10
7
-7
23
-15
30
8
-8
53
29
20
60
27
10
0
37
5
18
2
19
-2
38
33
34
6
8
13
23
2
26
28
21
-2
31
23
4
24
23
4
22
33
-1
7
-10
5
12
19
41
4
31
18
7
16
-12
-12
1
9
9
36
19
17
3
-7
40
39
2
16
14
21
11
2
39
22
5
25
21
9
9
16
4
13
4
15
21
20
22
27
-3
30
-19
7
12
32
18
0
8
40
16
6
8
-8
24
39
6
18
-5
-3
20
23
9
36
30
19
-1
2
19
-7
8
6
24
-8
8
28
-3
25
-7
-7
14
44
9
13
3
-8
11
4
12
32
11
10
-17
21
20
17
13
-8
26
16
2
-7
0
-7
18
19
14
5
27
25
26
6
5
29
2
18
12
15
16
-5
18
6
1
5
10
8
-12
5
9
15
5
13
14
-16
6
19
12
3
22
30
11
27
22
34
-5
-4
21
21
38
-2
29
-13
-4
19
16
-12
-6
16
34
-3
-4
39
4
18
7
7
24
-8
-1
24
15
-11
6
31
23
8
5
14
-8
30
2
8
25
14
18
16
17
9
-2
-2
7
18
12
13
19
3
26
16
22
1
9
19
10
0
33
-27
30
14
-19
19
37
-4
-9
-5
31
35
3
32
3
1
37
26
9
7
14
-2
-1
23
23
6
-2
4
40
-8
20
28
14
0
7
10
-4
14
17
24
22
36
12
30
28
11
16
12
-20
17
-4
-18
22
24
21
15
22
10
24
17
32
35
17
-9
3
20
-5
12
11
1
5
28
-5
-1
8
20
-1
-1
35
-3
6
9
-2
7
9
1
24
10
31
15
12
17
11
9
3
4
25
15
41
10
16
26
4
41
8
13
17
-14
26
22
5
13
30
-2
1
37
-14
-9
14
22
17
8
28
14
16
35
1
19
21
22
-7
9
36
2
27
16
1
15
12
14
18
21
5
-8
3
28
15
14
7
4
17
6
42
23
9
17
33
25
23
10
10
3
14
-8
8
19
4
21
30
13
5
30
-1
0
6
14
16
-6
19
27
6
-29
19
27
9
3
0
3
16
21
-4
19
6
2
22
1
8
0
-3
5
9
33
20
2
5
19
4
-2
16
10
1
10
-7
3
18
7
0
19
8
31
19
25
17
22
13
8
8
16
16
32
8
20
19
0
28
20
17
1
32
5
23
11
42
1
4
7
-1
14
45
-8
29
16
6
14
33
5
-3
12
-6
15
11
16
15
-20
15
21
14
22
-15
18
21
3
-12
31
12
-9
-4
-9
-6
29
37
17
12
3
12
30
2
39
30
-6
14
-1
35
8
-7
22
7
-1
17
38
25
-11
-19
2
25
24
13
21
-3
34
20
23
-6
3
32
7
7
6
4
26
4
4
0
4
20
27
6
6
3
11
9
8
20
29
35
-1
17
9
9
14
13
-15
2
14
6
14
-13
-5
0
-14
26
36
31
5
17
35
12
12
19
18
22
0
14
-6
2
21
29
25
-5
11
34
4
-7
25
11
15
9
-8
-11
12
22
8
-20
0
-15
43
3
5
20
19
17
10
-8
13
-21
0
-4
-3
38
9
-17
24
6
5
5
41
39
25
3
16
22
-1
13
34
4
4
11
16
45
20
4
5
4
-10
15
-1
26
24
8
18
9
34
9
10
29
32
22
-3
-9
-9
14
-6
7
3
5
28
26
19
-2
23
8
22
-9
22
6
23
10
10
-13
12
-6
14
13
25
22
10
29
10
-12
41
15
3
7
-19
8
8
-7
-6
12
37
5
32
-3
0
-3
20
59
20
-6
26
-3
9
8
28
-21
18
13
0
7
6
16
13
26
2
-13
9
17
8
22
16
-8
5
32
9
14
5
-17
13
17
0
33
20
36
10
19
32
-10
14
-4
18
12
31
17
19
21
9
-3
14
3
9
8
-1
8
28
-9
19
5
24
4
51
6
27
22
10
11
36
4
2
16
4
5
17
19
15
23
7
-42
11
0
-11
5
5
-2
30
13
12
25
48
18
4
26
10
-7
41
22
0
27
13
9
-19
-10
7
19
35
23
-9
22
35
20
9
3
0
24
19
20
-5
3
20
14
24
11
-19
0
16
-15
20
6
-2
-1
14
37
3
-2
0
28
23
3
20
-1
7
0
20
30
5
10
49
22
-11
4
2
15
27
18
4
8
-4
6
21
6
25
23
1
-6
12
-1
-7
30
16
44
18
27
4
33
3
40
-7
5
28
-10
30
-6
22
-3
24
32
27
12
9
2
13
20
14
30
-4
17
7
24
17
2
19
1
5
22
31
37
4
8
16
16
-1
11
26
39
21
15
23
-10
15
23
6
3
8
20
26
14
37
6
16
14
-5
13
7
5
12
12
9
5
-30
33
19
2
9
15
-10
-22
21
23
18
19
18
2
-1
18
7
11
-7
-13
8
4
0
2
11
17
19
-2
24
31
13
-6
23
1
22
19
6
8
14
18
42
-16
-13
25
5
16
30
13
22
21
-1
20
25
22
9
-7
3
23
2
19
24
3
11
6
9
-3
19
6
13
4
25
-6
4
26
3
-10
22
14
-19
4
18
12
11
17
32
33
-1
10
-1
11
22
28
19
9
-4
40
28
25
11
20
33
7
5
12
25
6
23
7
-7
29
-6
-3
4
11
18
16
8
20
9
11
24
45
4
45
-4
24
27
16
19
7
11
12
17
-18
29
6
18
8
13
7
22
13
28
-4
14
8
8
13
5
8
45
15
51
-6
22
10
-13
38
-17
8
-2
12
-1
16
36
-23
26
-11
-2
22
7
31
-3
3
7
10
10
41
26
4
25
11
-1
9
15
-8
12
17
25
23
15
4
13
11
1
12
8
10
17
-18
16
35
36
16
4
-12
12
26
6
-22
1
1
8
24
26
12
13
25
11
-13
10
12
-8
34
3
11
-4
30
9
9
11
6
5
9
-9
6
31
11
28
28
-4
7
8
2
4
5
9
15
43
17
21
1
21
9
13
18
25
-4
1
7
36
23
19
6
9
18
25
12
15
10
30
7
9
19
3
17
20
-10
15
10
16
2
7
20
7
-8
37
16
16
26
-10
32
-8
37
29
19
40
-20
12
3
11
21
-7
-3
14
19
6
-11
-21
22
26
22
5
9
21
18
36
-2
-2
41
-15
5
-3
18
1
-9
6
24
-5
-10
20
12
16
8
33
11
14
0
17
8
14
30
18
17
7
24
29
15
14
-15
-2
39
20
13
20
11
23
39
10
14
9
12
3
3
15
-18
19
5
5
28
2
19
24
15
13
13
34
7
20
19
15
18
-6
14
-12
-3
20
21
27
25
14
-2
20
11
-13
10
14
22
16
-13
23
5
38
11
-3
22
34
3
-3
17
12
23
16
12
2
3
30
14
19
-19
6
2
10
3
12
25
6
23
24
24
9
15
16
9
16
18
-17
12
30
12
24
33
1
6
15
-11
40
41
8
-23
-33
-1
31
17
24
15
19
30
22
23
12
6
30
-6
17
-9
14
19
9
26
26
23
25
1
-10
-15
2
21
0
-10
9
11
3
26
31
-2
32
6
16
16
6
66
3
4
11
8
35
16
18
-10
20
-5
11
7
12
22
26
9
5
27
0
5
26
-1
15
9
19
-20
6
25
33
-10
22
-5
3
5
-5
12
24
4
49
2
3
41
-8
14
28
8
15
17
28
7
9
24
34
34
9
10
19
0
12
5
8
39
20
7
16
6
-9
11
7
15
-13
18
-14
12
6
9
20
-4
11
19
-10
2
10
27
-6
26
4
28
-4
21
21
5
22
-11
26
29
5
16
-18
10
8
26
15
10
32
22
1
26
-7
-3
24
29
-9
18
20
19
21
11
0
6
12
1
36
19
-8
15
19
37
32
25
-19
11
25
21
24
33
7
10
13
50
27
9
29
29
37
18
25
21
10
21
26
20
20
36
19
36
25
24
10
44
16
33
5
-3
7
20
8
8
31
7
-14
25
13
21
7
34
33
26
24
25
31
12
29
32
21
24
13
30
33
25
7
44
14
10
21
19
8
19
37
20
20
22
27
27
15
30
8
26
33
21
31
28
24
20
44
27
34
-1
29
13
-9
15
24
19
18
37
8
1
12
24
10
55
45
52
31
16
3
4
35
39
43
15
21
43
35
25
21
16
42
28
13
30
27
19
20
24
7
8
35
5
38
31
53
33
39
14
12
31
5
30
24
13
22
29
33
33
17
34
2
-1
10
58
12
12
35
25
43
32
18
28
49
23
40
43
35
1
39
57
3
24
24
40
38
42
18
19
23
8
35
17
28
36
12
43
42
30
17
18
38
76
37
10
28
31
43
41
63
-13
22
39
37
12
25
22
24
53
43
27
43
12
31
27
31
21
59
34
43
44
40
16
19
34
30
32
25
60
23
28
35
46
60
57
34
36
62
26
49
27
40
20
34
46
41
37
61
23
9
35
27
41
28
20
45
43
52
40
44
28
31
14
12
54
67
33
11
26
35
30
35
23
7
42
51
15
31
19
23
34
38
18
62
44
45
27
31
60
29
41
24
27
43
27
26
42
-6
30
22
44
25
11
19
5
48
42
12
7
13
24
32
36
28
40
20
39
34
38
15
12
25
36
20
56
18
29
15
13
33
38
7
37
17
21
12
30
10
5
27
24
10
32
9
23
19
17
36
12
12
14
15
13
26
34
21
35
-7
-17
5
2
5
3
16
21
43
32
20
10
31
38
23
43
9
12
38
11
21
13
29
15
12
8
11
-12
18
50
0
39
-3
18
27
9
28
4
13
-1
15
14
9
23
4
15
12
5
16
20
3
4
20
25
1
-6
15
25
6
8
26
10
13
-17
7
34
12
15
20
-13
29
0
28
25
27
17
6
0
-5
-2
8
22
23
-2
19
11
21
8
-3
-5
38
13
-10
20
10
26
12
28
5
8
12
27
4
12
17
35
21
5
7
-6
-10
0
12
11
3
11
48
29
11
8
11
13
24
9
23
-7
14
18
3
11
10
-3
2
-6
-4
12
24
16
14
14
-2
7
24
21
5
24
-9
15
34
13
3
36
-7
12
15
19
-11
7
18
13
21
9
14
20
8
11
9
-14
20
18
36
3
6
10
12
23
13
-2
-28
-13
33
31
7
20
30
-5
25
23
-7
-11
2
8
16
23
17
19
50
-18
20
-9
-8
0
23
3
2
13
-6
6
16
-3
8
-13
12
32
4
11
32
10
2
22
13
25
20
15
24
48
16
-9
29
20
4
22
9
10
18
19
10
20
-4
30
4
2
-5
18
-9
-14
12
19
-4
11
13
0
13
2
18
35
14
1
8
-6
1
31
32
22
23
-1
16
34
0
13
-3
-7
11
16
7
-8
30
17
29
5
23
-14
16
14
10
15
0
8
4
7
23
45
57
27
15
-9
19
23
25
29
-21
11
39
133
19
10
36
7
24
24
17
18
6
26
21
32
29
-13
24
25
29
20
4
15
29
27
17
14
34
29
4
27
28
21
62
42
36
19
22
-15
2
13
35
32
15
10
31
23
22
15
22
46
38
31
59
5
34
14
22
40
22
14
23
18
41
10
51
41
48
3
33
41
60
50
43
66
40
28
20
31
36
55
33
35
52
41
45
45
20
31
31
12
33
41
-2
14
52
36
30
17
42
22
29
25
17
36
22
17
26
27
43
19
24
49
32
35
34
31
21
65
31
33
23
42
62
20
43
38
44
45
38
14
48
71
31
28
43
70
56
16
36
21
61
54
39
62
50
57
49
39
55
41
45
50
54
31
23
65
67
58
48
77
29
65
43
75
71
47
50
67
64
63
57
39
60
78
69
50
50
51
58
72
40
44
67
35
55
52
51
57
69
64
68
48
48
32
25
57
32
49
68
65
82
25
76
37
8
51
52
43
47
44
22
29
48
19
20
32
28
39
36
40
34
28
42
49
38
25
27
54
34
27
48
22
66
48
43
34
26
35
29
57
40
34
51
23
46
14
32
37
39
24
20
-3
39
50
26
12
-1
68
23
38
40
30
17
10
39
20
46
17
29
40
18
20
33
29
-6
2
30
6
-3
22
33
46
43
40
15
20
7
18
6
18
14
19
-7
31
19
45
13
34
18
-4
1
8
12
21
12
32
22
-8
19
25
10
7
11
1
44
12
30
10
33
24
32
23
53
6
11
41
22
3
9
18
44
11
-7
13
23
9
6
27
-6
16
8
-30
0
25
11
14
6
24
5
29
22
28
29
29
7
55
-8
34
-1
14
4
11
8
7
15
6
10
-8
17
2
0
3
4
-3
12
3
4
21
11
9
18
23
28
1
28
21
6
14
25
1
10
-8
28
15
7
9
20
2
1
30
5
-3
36
5
-3
3
-6
25
5
5
28
31
25
18
19
30
6
24
17
37
21
10
14
12
0
16
12
30
7
8
-8
21
0
30
-10
7
4
27
2
30
9
-4
13
5
16
15
4
24
-4
18
3
38
4
7
12
7
14
25
5
7
21
26
5
9
15
20
3
-6
24
14
12
19
26
24
13
19
17
4
0
17
24
-13
6
42
66
21
6
10
25
16
7
0
20
9
62
32
34
7
-1
16
-3
20
-1
3
26
30
39
14
37
32
18
16
25
21
9
18
6
6
3
46
28
27
36
13
31
33
9
52
17
7
15
22
11
16
45
36
30
16
21
18
11
23
48
49
24
39
35
27
56
31
31
38
24
14
17
17
43
41
42
53
65
42
18
32
29
15
35
22
39
20
22
7
43
34
33
27
29
36
33
35
32
22
36
36
10
35
54
43
51
64
54
51
55
67
47
77
68
56
47
43
63
36
57
45
55
64
58
62
88
51
67
51
54
64
55
70
97
53
66
42
65
63
63
78
53
59
76
46
62
83
58
78
60
64
60
58
58
58
79
74
70
40
44
78
62
60
65
63
38
37
37
44
56
52
43
31
64
61
77
43
44
19
49
35
42
65
55
32
53
46
46
17
43
35
45
50
42
19
61
50
23
47
14
20
20
11
14
22
39
33
24
34
17
45
44
30
33
43
8
49
14
16
32
3
7
26
25
23
27
4
47
25
30
15
41
45
17
29
19
33
27
6
23
-3
16
9
15
6
21
9
19
20
15
16
2
21
19
16
26
49
2
28
26
18
6
14
9
10
9
25
3
30
4
24
10
27
-6
17
-6
35
18
-6
15
4
22
68
9
13
-4
15
25
37
19
-29
23
37
8
0
13
31
11
5
26
16
36
11
29
-2
-3
8
4
23
25
14
16
12
13
0
16
-3
0
13
17
12
18
-7
23
-9
4
6
6
18
-18
3
-6
18
-10
7
21
21
11
28
-4
-8
-13
40
13
-17
26
10
6
30
18
7
-3
-9
14
28
-2
10
30
46
-3
4
19
25
10
-4
18
11
7
-5
22
21
-1
11
-8
33
7
16
30
-1
5
28
27
15
16
15
20
16
20
17
13
19
-5
17
7
22
47
17
21
11
0
7
11
4
34
-9
22
20
15
0
19
36
28
14
-7
15
3
21
58
11
24
31
19
16
27
29
38
30
-14
22
38
22
33
21
46
11
35
9
54
36
28
8
49
14
22
32
29
38
45
27
60
25
40
28
44
24
25
41
31
34
33
58
59
20
34
11
38
18
62
46
21
27
52
32
18
23
34
32
60
35
50
35
52
38
49
62
44
55
21
50
54
68
43
26
38
36
89
44
61
38
102
55
56
67
77
37
52
80
93
79
82
93
69
113
64
80
82
96
89
80
103
83
91
85
80
64
121
64
82
58
67
87
100
100
86
87
70
72
49
86
89
80
94
73
112
47
68
56
53
58
94
60
63
64
64
85
62
40
54
50
49
59
101
55
62
63
54
53
29
78
55
48
41
50
67
65
38
28
28
36
102
36
62
15
48
26
31
47
58
29
72
45
6
27
44
16
15
13
57
24
35
34
49
46
23
39
42
5
18
51
36
25
13
-12
35
13
33
4
18
7
44
35
36
32
20
21
35
28
37
-7
16
14
31
14
-6
15
33
22
21
5
26
20
23
32
21
20
-7
13
29
28
10
4
-2
32
27
45
3
7
34
20
17
6
24
18
48
24
-6
23
20
6
8
12
30
-20
-14
23
7
5
25
28
18
24
36
-1
-17
39
7
14
-12
-11
29
2
20
-3
13
11
5
17
29
5
11
19
21
5
24
27
6
21
10
11
34
11
5
-2
43
19
15
-8
9
4
0
14
22
1
-9
-15
31
11
-9
15
-13
22
9
13
13
16
-20
25
29
4
1
32
11
18
19
19
25
6
36
13
17
15
12
20
19
7
26
-1
18
-5
20
20
15
4
24
13
23
29
34
5
44
9
47
0
31
24
10
29
47
12
11
-8
10
36
31
30
29
1
33
37
40
41
38
31
31
21
44
29
58
23
27
30
39
37
57
61
41
25
36
31
27
78
29
61
33
33
49
44
53
35
29
51
12
59
20
37
45
35
26
51
52
48
67
64
63
34
86
53
53
67
76
70
65
84
77
75
92
82
79
71
97
87
93
70
86
101
97
113
88
109
82
135
113
103
78
98
102
99
129
120
96
70
81
93
67
96
106
104
85
67
83
88
57
71
85
65
81
97
73
73
69
105
56
87
78
67
93
87
77
73
68
51
46
65
58
58
63
60
44
45
60
41
40
51
48
61
40
32
55
45
58
57
54
22
34
52
53
42
30
32
32
33
65
26
60
26
25
4
50
28
15
0
19
45
34
39
29
21
7
23
23
13
44
32
22
15
23
12
7
11
20
43
18
21
17
20
14
50
26
1
4
22
49
12
13
8
13
14
24
24
-5
21
30
-2
6
9
29
13
4
21
-2
13
16
-10
5
-12
24
14
14
31
-2
2
40
-2
-17
38
33
33
16
7
26
23
9
27
-2
-4
20
26
13
33
20
19
38
-7
15
13
8
-4
32
21
40
4
40
15
25
34
10
7
16
9
15
24
15
-6
-9
6
17
-3
19
29
11
1
14
23
8
27
24
13
32
16
26
7
6
33
32
2
-3
2
3
22
32
43
9
11
24
17
-9
-17
14
37
15
8
15
18
13
50
11
15
19
28
18
40
40
33
8
32
37
48
33
41
16
9
12
53
16
47
17
32
51
46
78
28
51
14
62
51
30
58
34
57
66
23
25
48
24
37
48
20
40
49
47
61
59
41
47
40
40
29
42
68
118
57
64
50
82
88
49
74
68
60
84
85
67
116
114
108
80
90
97
102
79
92
87
117
81
129
74
103
125
115
110
85
101
99
113
107
116
111
92
103
87
87
65
89
115
82
96
110
107
74
107
88
90
91
71
93
94
82
76
88
74
90
79
68
64
67
50
58
74
76
95
69
48
83
65
77
59
39
44
62
48
58
17
66
47
41
42
54
21
17
37
13
21
32
17
28
43
29
40
19
42
39
-3
21
23
12
40
28
2
9
12
45
23
18
19
56
35
22
4
14
15
24
11
22
30
16
23
32
66
6
9
19
16
27
22
14
17
-1
12
18
27
5
25
-3
12
-8
13
-9
18
18
-12
18
17
18
26
8
7
20
21
13
14
2
30
29
9
29
4
0
20
27
70
27
32
17
29
20
8
-6
5
10
-2
6
2
6
6
9
13
21
40
8
31
24
0
32
17
10
5
-3
-13
49
-1
21
13
-8
-8
-4
2
-16
-2
14
7
2
-3
17
15
4
34
28
25
5
-11
10
18
23
22
28
8
14
3
8
24
28
3
-3
23
22
22
16
38
11
11
41
45
20
28
16
16
45
30
21
17
51
42
57
36
34
65
38
42
39
62
50
26
61
71
36
44
32
32
69
47
38
31
36
71
28
24
51
65
-3
19
35
44
79
26
85
64
64
62
74
70
71
82
110
91
87
86
68
94
87
111
87
113
123
124
111
100
110
127
139
132
124
115
151
112
118
118
118
111
104
99
131
120
124
97
122
108
108
106
106
113
102
121
126
82
104
81
108
92
81
97
58
79
102
91
98
39
88
83
84
57
72
65
81
64
13
50
60
21
43
70
62
59
31
64
65
38
21
63
39
31
50
52
39
24
12
48
43
19
25
35
32
29
6
33
14
27
31
39
29
19
51
40
17
8
33
48
32
25
21
20
28
10
7
25
28
31
16
41
72
19
3
21
9
25
11
32
24
46
10
21
22
33
1
18
2
30
25
28
17
7
46
13
21
4
1
14
25
28
-1
29
39
-1
-2
28
42
24
18
13
44
-1
2
23
21
11
7
39
17
16
-16
12
29
38
33
2
39
2
25
15
27
18
6
2
5
1
21
-2
30
20
0
5
27
20
-6
6
14
30
43
25
14
33
36
20
21
12
16
23
17
20
9
42
35
6
7
7
34
42
57
27
52
13
23
39
37
54
47
37
33
37
42
37
28
73
21
47
18
39
46
45
66
46
52
64
59
66
51
35
48
57
32
10
42
40
60
68
44
69
64
75
84
88
52
97
65
97
95
100
62
69
84
104
115
130
114
103
118
101
157
113
133
128
169
171
113
155
157
135
157
129
111
119
109
149
176
125
104
130
98
125
89
129
100
124
100
121
113
92
112
106
111
129
112
89
61
93
86
99
72
75
73
93
87
85
50
59
68
85
47
56
62
61
87
44
55
52
51
82
40
37
53
58
50
45
35
55
98
26
20
36
-4
48
42
25
31
15
20
63
21
46
26
54
5
14
27
-5
29
30
26
25
21
29
38
12
22
18
-2
36
26
17
27
33
22
17
13
-4
38
35
15
31
12
2
23
2
8
29
3
38
-9
10
29
33
21
26
-2
-13
32
8
-6
54
6
18
14
17
2
24
24
19
14
21
16
33
11
-7
19
50
25
10
20
44
0
9
23
32
22
19
6
-4
25
4
44
40
1
31
28
12
42
-4
0
21
7
17
38
23
20
22
36
53
-2
14
36
21
33
15
27
6
12
34
-2
40
6
33
45
41
4
17
25
39
19
33
46
39
43
29
73
13
33
32
42
46
35
32
23
61
62
51
67
57
54
23
51
35
60
48
36
35
64
71
36
53
47
66
87
83
84
99
102
82
78
87
111
104
142
128
102
132
130
126
140
117
149
145
160
151
144
146
127
149
110
178
112
130
150
133
110
129
105
111
110
94
66
109
136
103
123
81
109
90
92
86
89
100
85
106
66
95
77
91
76
57
81
72
72
77
43
65
57
54
79
37
56
64
25
68
27
27
67
33
48
78
50
23
31
37
46
40
40
39
63
25
49
26
31
22
45
53
11
11
1
20
53
20
37
35
0
12
17
23
19
39
15
36
-5
7
27
-5
5
19
12
1
13
24
16
23
-2
7
5
14
39
15
3
2
39
19
20
32
16
41
-8
23
9
22
6
11
9
33
35
17
36
-4
34
28
37
28
38
6
28
22
-6
25
22
-10
28
22
43
6
7
19
4
25
11
-7
24
0
22
21
5
11
18
16
20
24
-1
26
28
28
10
19
25
28
18
16
12
38
24
-1
34
29
35
34
7
26
51
3
48
53
23
15
66
40
45
46
41
69
48
38
43
36
54
41
46
42
64
37
39
41
29
72
22
34
22
30
51
69
71
73
86
45
43
62
77
71
88
117
111
119
123
106
103
110
112
132
160
104
154
136
114
116
101
133
160
147
144
146
125
127
120
132
122
111
126
125
117
150
94
127
104
78
139
99
111
87
123
116
92
113
100
97
98
88
121
83
87
109
69
95
62
50
91
71
45
79
30
63
64
45
4
69
63
53
40
51
44
55
48
42
40
41
56
29
16
37
33
45
4
19
22
31
41
22
52
32
23
32
22
30
21
18
36
17
11
41
14
29
2
32
28
33
25
-9
-7
-21
13
21
24
-1
12
43
43
-10
26
9
2
19
4
18
14
16
26
-17
21
11
17
2
27
15
11
20
11
19
14
37
-8
17
-4
23
30
1
29
7
32
30
19
31
3
6
5
26
4
11
21
-9
13
0
21
29
13
12
28
15
6
26
3
33
19
39
12
12
16
8
16
28
4
56
24
61
45
40
31
37
69
26
48
34
29
8
56
23
33
33
10
46
45
66
69
46
39
39
56
56
58
69
59
63
64
37
38
50
55
102
70
65
61
68
104
69
88
113
74
144
108
137
126
102
151
138
123
152
170
165
160
156
141
163
111
139
145
160
189
168
153
142
156
121
146
119
114
128
129
143
120
131
113
118
131
128
72
107
131
86
79
103
89
80
99
65
122
74
112
93
43
90
71
65
57
99
60
59
68
78
76
56
61
59
63
63
57
32
42
59
54
32
22
32
40
12
48
22
46
62
65
31
34
33
65
26
51
18
35
24
27
40
30
26
26
27
1
50
27
52
29
20
42
9
20
40
-22
-4
21
33
42
43
10
14
30
20
36
47
41
7
36
8
7
31
4
11
62
33
0
40
21
20
19
15
23
2
19
2
29
7
-3
8
1
-7
23
7
41
23
18
11
26
29
14
10
10
20
26
16
-4
15
16
17
24
34
27
44
11
77
13
23
26
55
17
44
48
16
57
84
63
50
27
79
42
35
45
55
15
59
45
65
27
70
41
79
56
53
43
46
46
43
72
19
77
84
52
80
84
108
99
109
86
107
156
139
86
135
134
147
153
161
164
170
141
185
173
150
165
204
167
168
158
185
145
127
174
152
165
159
166
151
137
169
141
125
147
133
137
116
98
132
130
110
93
126
122
85
101
115
95
97
75
98
94
76
83
49
71
79
98
91
73
46
20
65
27
60
30
62
37
73
62
49
53
31
31
53
56
56
29
35
26
24
47
33
39
29
25
39
28
19
43
29
39
33
17
30
29
25
12
31
39
36
13
11
-4
22
25
34
44
24
10
45
-4
14
34
30
7
25
20
34
17
3
40
36
11
29
18
11
10
1
10
11
40
20
13
3
24
2
23
13
0
-5
9
7
23
8
17
6
16
21
52
-11
14
26
22
-12
7
21
-7
23
25
16
8
15
3
15
46
26
33
35
31
-9
14
50
24
22
21
41
24
46
21
33
57
26
36
80
50
34
41
43
70
39
46
51
20
18
62
39
61
65
49
69
80
70
53
72
96
130
125
110
117
131
133
120
137
189
144
134
154
180
152
172
176
167
159
185
162
174
167
202
155
169
160
154
182
162
161
122
144
138
142
149
103
150
131
134
89
115
108
96
106
105
83
128
92
86
85
102
81
107
83
73
72
54
93
53
70
75
44
72
56
56
42
48
52
64
37
39
51
24
68
70
17
29
39
37
43
30
47
19
29
30
28
30
37
41
22
26
9
35
30
34
10
16
36
44
19
33
9
15
11
10
9
38
21
6
36
1
51
16
35
37
17
6
26
26
16
8
29
43
4
7
15
23
5
56
33
23
36
12
21
8
30
15
6
-6
26
36
30
0
17
25
54
23
-4
32
5
13
9
44
18
37
1
22
20
48
-3
9
29
40
38
11
18
32
-1
22
36
32
31
62
31
35
11
58
27
53
36
45
46
59
34
32
35
34
50
42
68
42
67
50
73
87
75
57
59
91
123
120
145
133
98
139
166
166
162
189
162
175
172
149
186
164
148
164
146
192
150
151
151
181
130
154
151
133
142
145
153
126
130
114
161
127
121
115
127
129
120
114
78
74
134
99
84
42
72
67
44
69
70
70
49
69
96
44
55
61
52
78
50
40
35
75
53
72
51
17
53
22
20
57
33
39
20
33
35
12
48
4
19
18
54
54
44
13
66
46
6
32
5
33
59
15
47
10
-1
53
30
21
22
-11
17
24
7
31
5
30
-21
16
18
31
-5
14
51
19
29
2
6
54
45
40
16
25
41
41
11
21
0
-3
0
25
6
20
41
17
25
25
-3
35
9
8
21
43
33
54
39
1
16
15
47
24
11
16
5
13
31
18
51
54
10
31
8
29
62
23
31
36
23
41
58
44
19
33
53
60
31
42
53
47
17
34
61
61
80
71
102
83
56
106
90
131
114
134
127
160
160
122
106
142
152
185
133
161
133
151
158
169
171
139
169
156
122
114
128
173
146
122
112
128
133
138
159
108
109
148
104
115
116
107
103
116
81
55
80
62
84
100
91
106
74
68
64
73
97
71
55
73
52
64
68
85
50
40
51
46
40
29
27
56
37
30
38
37
28
23
58
46
17
-5
12
37
30
14
11
15
6
26
27
13
21
48
36
9
46
46
32
26
35
46
7
58
30
35
15
22
21
15
36
26
50
4
35
11
-9
28
7
22
31
39
34
-13
15
21
8
22
16
2
19
27
40
7
17
15
29
10
43
30
12
22
2
14
7
19
25
20
17
47
-2
18
34
11
8
29
42
45
36
27
48
42
25
41
15
16
22
33
47
39
17
46
62
47
57
44
52
62
35
59
31
73
66
104
71
54
72
126
83
107
105
112
115
102
159
138
154
164
130
147
172
175
162
169
170
145
160
151
202
132
123
173
138
155
144
160
127
114
143
126
83
131
116
118
92
91
110
96
79
113
95
78
76
71
91
68
50
61
71
75
71
114
39
65
30
59
48
55
47
33
48
30
37
6
25
41
22
18
45
25
41
33
31
39
18
35
44
49
18
29
18
41
30
23
24
30
7
45
-7
48
7
0
25
30
65
10
6
7
36
20
4
1
15
33
16
7
18
15
7
24
-3
5
32
23
-8
8
26
3
17
23
-5
31
9
23
18
15
2
7
48
7
16
51
19
39
27
29
29
-15
27
3
-9
43
9
26
12
-7
26
9
48
4
25
40
18
49
36
26
27
26
49
32
45
43
62
25
26
45
48
36
54
70
42
68
54
92
71
44
74
101
111
117
73
97
122
66
95
119
106
122
109
151
134
126
136
100
120
91
133
87
54
93
100
122
70
39
85
123
132
113
82
124
100
99
71
78
85
75
70
97
55
30
52
56
78
22
72
50
78
43
48
40
27
47
43
33
27
26
12
39
12
0
11
22
31
38
11
15
7
-2
3
11
3
25
11
19
-5
16
28
6
8
34
18
24
12
34
7
36
14
26
10
26
23
15
14
41
14
20
3
28
33
-9
20
22
7
33
12
21
-3
-20
25
11
6
-12
11
-2
23
2
0
29
11
20
16
14
12
23
-7
22
34
19
20
-13
13
0
11
17
38
10
20
7
19
32
31
21
2
9
8
18
29
36
0
3
12
46
18
46
15
33
26
41
51
14
29
33
65
34
20
64
55
71
64
72
92
35
70
76
64
122
84
100
106
94
97
96
118
112
95
122
104
101
107
102
84
74
91
72
96
119
64
83
62
83
108
63
49
62
75
37
59
47
29
54
31
40
42
34
43
22
39
40
26
37
34
24
20
27
33
21
41
33
12
36
23
35
26
19
17
38
24
32
24
30
7
17
-1
29
9
42
26
14
-8
11
-5
4
15
-2
-10
13
13
4
7
4
26
12
23
16
12
18
23
28
19
21
-1
27
16
6
37
14
3
16
2
22
33
-1
3
5
7
2
-22
10
15
19
24
21
-5
-1
16
34
8
-17
-6
24
31
6
-8
40
-3
11
-17
22
-1
35
35
1
41
2
11
29
16
-34
35
20
20
24
-6
25
24
19
32
29
4
35
47
35
18
36
82
64
61
56
90
62
71
86
65
73
88
98
63
88
93
67
71
67
84
64
55
64
70
90
70
68
65
23
38
46
73
63
66
51
37
44
18
42
34
26
37
33
14
2
28
-4
26
6
32
28
22
54
15
24
45
-1
23
2
3
-11
-2
27
14
12
41
28
4
11
19
3
8
17
4
12
34
5
1
6
43
19
23
6
11
5
-1
0
0
-3
12
-27
-5
-9
11
19
-5
18
36
0
-1
3
18
11
34
-3
9
7
4
20
14
11
-12
24
14
3
7
8
16
23
17
29
-5
24
-12
0
10
6
0
-7
4
17
11
6
9
-5
14
21
43
14
2
24
22
40
25
17
2
15
3
-20
4
9
1
-6
19
-13
9
-2
24
23
10
44
23
15
55
24
4
72
24
65
43
68
34
82
66
62
62
78
61
64
92
75
66
71
59
87
44
36
28
35
61
52
102
49
54
24
62
36
52
85
45
27
37
50
45
6
41
27
14
-2
21
-19
11
12
21
-10
13
11
11
15
33
21
2
51
-1
10
38
5
18
15
12
4
5
26
-5
0
4
10
15
17
11
-5
-18
2
29
18
15
20
5
20
23
17
12
7
14
-1
-5
17
-1
12
8
32
-14
-6
15
-3
5
5
38
-7
5
14
22
17
29
12
10
9
12
22
25
-22
39
27
2
8
23
-12
4
-5
-2
22
0
8
-2
-12
30
-3
-3
29
39
1
-10
13
-6
13
37
5
-2
13
16
25
0
37
35
-5
5
30
23
26
18
25
30
10
28
27
18
35
40
26
22
46
63
43
29
29
54
48
41
61
36
50
47
46
58
28
38
25
24
33
50
25
33
53
20
60
34
29
48
42
4
33
18
10
20
4
13
26
-5
12
12
28
3
-5
-2
-19
1
5
12
11
48
17
16
5
9
21
18
0
3
4
14
17
1
-5
20
-1
8
-19
1
21
-23
44
17
19
-1
-1
11
21
-9
8
15
28
12
15
2
-5
14
22
13
-9
-1
8
-1
-2
13
-4
-9
15
27
21
-10
7
8
-7
12
-19
14
11
-3
12
15
-10
23
-3
36
13
35
-2
11
2
-7
-3
17
4
5
1
5
-7
8
32
6
-4
-2
14
23
11
14
11
-11
-17
4
-1
21
-8
8
30
0
23
6
18
-22
19
3
34
18
10
13
18
20
31
30
17
49
22
17
28
22
58
8
59
30
29
38
29
26
22
29
39
13
19
19
32
8
34
15
10
23
39
29
35
13
-3
-21
30
26
12
2
0
2
-14
16
-10
13
7
11
17
9
10
7
8
24
27
3
-2
19
10
22
-10
5
21
4
9
0
15
7
-6
-4
16
-8
18
4
-16
19
-4
14
22
8
7
-5
13
16
19
2
10
4
0
-4
13
-4
5
-7
29
-3
12
11
29
14
11
68
3
-9
10
40
1
-26
28
19
17
-1
-16
23
15
15
6
7
-1
15
-9
-8
9
12
4
-1
11
-1
10
