# Zeeman image prpjection from 60 to 80
8
33
34
4
3
7
3
6
5
16
7
20
6
9
9
12
-13
29
16
18
26
19
24
-4
8
17
6
25
16
30
26
0
12
-6
38
15
5
7
14
12
42
35
36
14
17
11
16
6
22
13
17
13
0
20
29
21
21
16
22
22
-1
1
-15
13
13
5
-25
5
15
25
18
-1
9
29
-5
4
27
19
16
-2
22
3
10
-5
21
30
-11
34
2
13
15
16
21
29
19
45
27
14
-10
-1
13
26
7
30
21
23
23
20
-3
2
10
0
-9
5
18
21
-7
2
6
1
4
11
4
6
2
17
30
8
2
9
23
47
-5
4
14
-12
21
8
24
-6
9
-1
16
22
3
11
17
15
0
2
20
0
-11
14
12
16
0
6
21
7
21
12
22
-11
-13
11
25
18
12
3
12
25
-6
-2
9
13
-2
12
-5
9
7
14
20
-6
25
8
-12
28
0
-1
12
0
20
-3
-12
-1
-6
10
-10
-13
-1
8
9
0
-14
-1
-22
17
7
-13
-9
14
-12
8
-1
3
34
9
4
10
1
-2
0
1
-5
2
10
0
19
2
3
-9
-10
11
17
13
-1
-5
-1
9
2
1
-1
6
4
-12
-6
0
9
-10
14
-6
-22
0
2
-8
1
-11
7
-28
-25
3
2
3
15
8
6
4
-6
-14
15
-13
23
-5
7
15
-15
0
-5
-4
3
-3
2
-22
15
4
-18
18
6
2
-4
-13
11
6
9
-13
-16
-22
-17
-22
16
-6
7
8
-14
7
-9
14
-2
-6
29
-4
-12
-3
2
-5
2
-1
14
-24
-5
-16
-8
-9
29
32
0
14
-17
-12
-6
-13
5
-1
-28
-12
7
-15
8
20
0
-8
-9
-21
-3
-1
3
4
-6
4
-11
16
-10
9
5
-5
19
1
-1
-12
5
12
-2
16
6
2
-4
-4
-23
19
16
7
4
-7
-11
6
0
-8
-12
-6
-3
-2
5
10
-13
-40
12
-5
0
6
-21
-1
-2
17
-21
-24
-13
-15
-1
26
0
9
2
-7
7
-9
0
-11
-17
-12
0
3
6
14
-11
10
10
-20
19
-11
-2
-1
-10
4
-1
-1
-7
-38
7
-14
-7
11
-20
2
1
-8
22
-25
-6
-19
-22
-29
8
-3
-1
-3
-7
9
2
-5
-11
-3
-3
13
-15
-1
1
1
-24
-9
-6
-6
4
-10
-31
-5
0
-18
-11
-2
-5
13
33
-3
-1
5
-14
-44
3
-5
1
4
6
2
-17
5
6
2
33
16
-10
-6
-15
-1
2
21
-13
-1
-13
-5
2
-15
-5
15
-16
-11
10
14
13
-34
3
9
5
-7
-8
1
31
-1
-2
2
8
-15
1
-16
13
9
-6
-7
11
-12
4
-9
-6
-11
-5
-25
-10
6
-7
21
-25
0
9
-6
1
20
-18
19
-15
12
-15
-3
2
24
13
10
15
-11
-23
-7
-12
0
-1
0
6
6
-11
-15
-5
6
4
1
-2
-8
0
-19
-2
-42
-18
-9
-6
5
6
-14
16
-1
-9
-9
12
10
-2
3
-5
4
-14
5
9
-10
-14
23
2
18
-8
18
-7
1
-20
-10
12
-14
2
-22
9
-8
-22
-26
-2
-9
1
-5
5
19
-10
-11
-6
-15
-17
-9
-3
17
3
-1
-4
-1
13
23
7
5
2
3
6
0
12
-7
-16
-16
-7
27
-11
5
5
-3
-5
-12
-13
-9
7
-6
7
11
0
14
-2
-18
-1
13
4
2
-1
-3
0
0
5
1
6
12
-21
11
5
9
12
-12
-15
-5
-12
2
-8
12
-23
-3
5
11
-4
-10
-12
19
-3
-6
-7
9
-5
9
1
9
-9
1
5
31
-10
-4
7
-21
-6
5
11
10
1
-8
-19
11
-25
-2
-4
3
19
6
-5
1
4
-4
-6
15
-5
4
-2
9
7
11
-11
-6
-27
9
8
-13
18
-7
3
5
37
23
-32
-3
-12
4
-9
-10
-1
-1
1
12
-12
-19
-8
-7
-4
-7
2
0
-4
14
-16
-24
3
-12
13
3
1
19
12
-11
-13
8
21
-27
-7
-7
-9
-25
19
-8
5
-6
3
-12
24
-12
12
-11
12
9
8
29
-20
-1
0
3
-25
-10
7
15
1
-10
0
14
10
-9
5
9
4
-16
13
-6
15
-5
20
-4
12
-19
12
10
-19
13
-4
2
10
-19
-8
6
-21
-10
7
0
4
-3
8
24
-3
-23
6
8
-3
-16
-11
-4
-5
-6
-4
12
-8
3
-6
20
-17
0
3
-1
2
-13
-23
-1
7
22
-9
-14
10
14
3
-3
-3
-20
-1
-7
2
-5
22
-4
20
16
-4
4
-16
-18
10
-1
16
-11
7
14
-5
0
11
-30
-17
8
5
-2
-17
9
14
-6
5
4
-9
-4
6
17
2
-11
14
-6
-4
-15
6
-3
21
6
-27
-16
0
-11
0
20
12
19
-10
15
-15
-3
-8
1
-15
9
-3
2
-8
-5
5
0
1
6
3
-6
-6
-15
-13
-13
1
-3
0
-21
-11
-4
-18
-14
5
-12
1
-13
-4
-13
-9
-8
-2
-5
-7
-3
14
-19
1
-9
-16
15
-2
15
12
7
-19
-11
10
-2
23
26
-19
-6
2
-7
-11
-24
-2
-1
7
5
19
7
-17
3
-4
-7
-7
6
-5
2
-24
-11
10
-34
-10
23
5
4
7
8
9
7
-7
5
-2
4
17
-15
-7
2
1
7
7
24
9
-3
-2
-16
0
-10
-4
4
-2
-13
-2
15
0
-20
7
-19
-5
-2
-25
-6
-2
4
-2
1
-9
-9
-2
12
11
-5
-27
-10
0
0
4
-8
-1
-5
13
7
0
-28
-22
7
-20
-9
-7
-1
8
-13
-6
24
-21
17
-11
11
8
-21
4
-9
-15
-2
3
-7
9
1
10
-9
-6
0
1
-25
16
6
-11
-10
6
-13
4
4
-20
7
10
0
5
14
-5
-1
-7
4
-6
-3
1
-8
11
-24
-10
-9
-12
-14
-28
-6
-12
-11
-11
-13
-20
1
3
8
1
4
-16
-5
15
3
-13
-4
3
5
-3
-2
0
0
-9
-5
-28
0
6
20
-4
11
6
-24
6
-8
-16
5
8
7
-4
1
6
10
-2
-9
-1
3
-2
7
17
14
5
-1
-8
-19
-7
-4
-7
-19
6
10
-8
4
1
12
-11
-14
-12
4
-14
4
-17
-9
-3
14
-5
-4
-4
-16
-7
-4
18
0
-12
-4
-4
9
8
28
-4
-5
6
-19
-9
-6
14
-12
-1
1
0
10
-22
-15
-18
0
5
-27
-7
16
5
3
13
5
-9
8
4
-13
2
-20
-8
14
6
0
-26
1
-3
-8
5
17
-3
-10
-11
-1
-5
-17
-8
-25
12
-8
-6
0
-6
-2
22
8
16
-7
-9
-4
1
-9
19
-6
-13
-8
-2
3
9
-10
-21
-3
-3
-11
-6
9
3
2
11
12
4
-30
9
1
2
-4
-6
-14
6
24
-7
-2
-9
-30
-2
7
-22
6
13
4
7
8
-4
-16
10
-10
-3
-10
27
11
1
10
-7
3
0
-11
-16
5
3
4
4
6
-19
7
12
2
-16
-6
11
3
3
8
6
-7
21
7
-16
6
3
-4
5
3
16
-17
3
-14
2
-11
-39
-19
-4
10
8
12
-24
16
-3
-10
-12
2
22
-27
2
-42
23
5
12
12
4
2
-7
28
-12
12
7
-38
14
-8
-9
7
-2
6
-5
2
16
-15
-4
-15
-12
-31
-3
8
11
-6
-21
-8
-11
14
-2
29
-5
10
12
13
-5
5
-4
-1
6
-2
6
11
5
0
9
8
7
11
-23
1
18
9
-18
27
-8
-12
3
5
16
5
-4
31
9
-8
8
9
-6
2
-3
7
0
12
-5
-4
4
17
-4
-2
-3
2
-8
-2
-2
1
6
1
12
22
3
1
-4
18
5
-20
7
2
9
15
-4
4
15
9
-4
3
-12
0
-3
7
4
2
9
8
5
9
21
25
1
7
23
-4
20
1
-2
2
22
5
5
1
-16
-3
1
17
-16
10
13
-10
12
15
13
-7
18
3
-5
19
12
-6
-15
-6
1
-2
1
22
24
2
-16
-17
17
0
-4
6
13
6
14
13
-16
-10
15
7
-5
-4
-5
-6
22
8
-6
2
7
15
-3
-4
-12
8
-1
2
7
16
1
11
-2
-23
-11
13
-4
9
12
5
-15
9
4
-4
4
-7
-2
4
-3
-8
12
2
0
14
9
-14
-11
-9
-1
7
23
14
8
-7
15
9
-4
10
16
-3
0
-2
-12
1
4
13
-25
19
23
-2
11
2
16
5
1
15
-3
4
3
-14
0
6
-7
-2
10
-10
6
27
26
0
-3
1
14
13
15
26
7
27
-2
-6
-15
1
1
13
-16
-57
-10
-10
3
-3
-23
1
4
8
-2
4
10
-7
7
5
3
0
-4
-4
7
1
-4
5
-32
0
15
2
2
8
3
-10
15
-8
-7
4
-2
-14
-4
16
-1
-1
2
12
12
-16
-10
-6
24
3
13
12
4
-5
-10
-17
8
22
24
12
-8
-4
-6
-6
7
-12
10
-6
-2
0
4
11
2
1
14
1
3
8
-10
4
-4
-14
7
7
0
7
-1
-1
6
2
5
12
3
13
24
11
16
7
-19
2
1
-7
-7
8
-29
-6
2
-6
8
-9
-6
-20
-7
-14
19
6
13
12
-2
-14
17
-14
19
2
3
3
8
-7
2
12
-7
-8
13
-2
7
-4
-5
8
8
-16
-5
-18
15
-12
17
3
-18
-18
12
-7
4
10
13
-17
-3
-6
-3
6
-23
8
-15
-1
-1
-13
6
7
-3
5
-12
-3
-2
-3
-6
-3
0
2
-11
-8
1
-6
5
-15
-11
1
-1
8
0
7
2
-9
8
14
7
6
-1
-8
12
16
0
-10
-11
-7
-20
-9
-3
6
3
0
1
22
-7
16
-10
-11
-7
2
-19
-5
7
7
6
-20
-8
2
15
26
8
2
18
7
-5
-8
-7
-2
9
6
-8
-1
11
-8
2
-13
-10
12
32
12
-5
14
1
-3
9
5
-2
18
6
3
-3
1
7
-27
10
-13
5
-1
-4
8
-22
-24
-4
15
25
19
11
1
9
-15
-3
-9
-4
-3
5
-17
0
-11
-8
-12
8
17
-8
-11
-12
-4
6
-24
-6
3
-4
12
9
-13
-13
-2
4
11
13
-9
0
13
-3
2
-13
9
-9
-2
8
-7
3
6
10
9
-1
12
-6
-7
19
0
2
-12
3
-6
0
2
4
21
-25
14
-11
1
25
-3
13
23
-13
-18
19
-11
7
-5
-18
1
-16
6
4
14
18
-2
-7
0
7
0
-5
13
-21
-13
5
2
-4
4
9
45
-1
10
-8
-28
8
4
18
0
-9
1
10
-9
-15
-2
13
0
-9
-9
2
4
-11
13
11
1
10
1
-9
3
5
-16
-12
20
-3
-2
4
-7
24
14
-10
24
-2
9
-5
-7
-1
-2
8
-13
-4
6
20
-29
19
-2
-1
-4
-7
11
16
4
-13
-1
-7
-15
11
6
15
1
6
14
-7
19
6
15
13
-12
16
8
-2
9
-4
9
-10
-5
13
-15
11
6
-27
8
-13
-4
4
11
-15
18
-7
8
17
2
8
-5
3
7
1
-5
11
-30
6
12
4
16
-1
-6
-10
-2
11
13
13
10
5
-1
13
15
2
-1
-13
1
-1
5
-1
-13
-8
-5
2
24
-5
5
4
0
23
6
30
9
-14
11
8
12
13
4
9
17
0
0
-10
12
-1
12
-10
27
4
-13
25
9
7
8
-1
6
3
5
-2
26
22
1
9
17
1
22
7
4
-11
9
-15
16
-9
7
12
4
0
15
13
5
38
9
14
13
12
0
28
-6
1
11
19
17
1
7
4
17
33
12
5
18
26
13
24
46
6
-12
24
8
5
10
9
24
12
5
8
6
3
21
13
18
16
11
18
-2
20
23
2
10
-4
11
16
19
5
8
-7
18
4
19
21
24
28
25
4
4
13
38
26
29
15
20
23
25
14
9
-4
0
6
13
22
12
10
17
28
19
42
27
17
34
29
-6
24
-2
-20
24
10
29
22
19
21
23
18
15
17
14
24
22
24
28
37
27
7
24
18
19
29
21
-9
30
40
30
23
28
16
33
17
24
28
23
21
3
14
29
15
10
3
30
26
22
24
33
37
32
33
17
53
19
32
35
24
28
-4
13
37
38
46
50
24
23
12
26
20
27
33
27
43
33
44
28
26
28
43
52
22
32
17
42
18
2
46
32
22
36
47
57
31
26
48
29
47
55
9
4
48
23
34
33
32
36
36
27
21
31
26
36
27
11
19
30
46
53
12
9
32
59
35
21
35
15
29
62
46
28
23
34
34
8
37
37
27
32
49
18
33
15
34
39
9
60
21
22
19
13
16
10
21
15
23
4
10
7
8
4
16
24
16
23
13
15
25
13
21
33
3
17
4
29
26
16
34
42
29
25
41
39
41
25
37
21
24
30
24
4
17
18
32
24
17
16
16
19
29
12
33
39
19
22
25
24
25
57
27
21
23
11
54
29
35
29
20
22
35
10
25
20
45
32
16
23
35
46
45
36
11
47
21
43
25
27
6
20
7
8
33
38
12
49
20
48
15
37
20
25
30
28
21
27
27
25
14
33
48
20
31
12
18
37
38
23
9
12
24
28
14
24
11
-1
7
14
29
33
-1
-6
17
5
7
8
8
15
27
2
33
18
9
11
28
13
13
31
-8
19
-11
22
5
1
-4
0
-1
29
16
33
4
18
13
4
9
10
18
17
36
13
4
7
14
24
24
18
29
21
-4
5
21
-3
1
38
10
1
8
3
-3
2
5
32
-1
24
4
2
3
-10
1
6
7
2
21
22
14
26
-3
4
-1
-2
-11
33
1
10
26
4
-13
0
16
16
11
-18
-8
4
-14
17
1
4
9
-3
8
5
14
16
-10
15
8
-9
12
25
5
19
-2
12
9
-16
4
2
11
-2
-11
8
11
-7
-8
5
3
11
-14
-11
18
-9
-18
18
10
-4
-11
16
-12
3
0
-6
7
-2
-14
3
-11
-7
11
-4
0
6
-15
-11
7
16
-2
18
-2
6
3
1
10
12
-6
-4
3
17
11
2
4
4
0
1
0
9
13
0
14
4
-12
4
11
2
2
11
12
7
10
-10
7
-5
13
0
-4
0
0
13
12
-6
-15
3
-17
-1
-13
3
-1
-5
-10
16
21
12
-10
4
1
-4
-6
24
2
11
-7
1
20
8
-15
1
-5
-21
3
-22
32
-16
-1
1
-6
-5
0
7
23
9
-16
-7
-6
7
18
7
4
-8
0
37
-18
-12
0
15
-17
13
13
-12
-3
24
20
1
2
28
13
3
42
11
30
13
4
21
24
7
-12
9
4
2
27
7
1
10
21
37
-12
15
17
-2
13
10
10
14
-9
11
21
4
15
-7
24
9
1
30
8
-6
11
44
17
10
8
20
10
21
1
25
-190
11
48
18
17
35
7
5
22
14
42
24
18
50
9
28
28
1
42
8
24
35
-1
15
14
22
27
20
24
21
38
26
14
31
8
3
28
15
9
-13
17
19
0
0
23
12
5
40
31
36
54
12
13
15
33
20
28
18
32
23
23
26
39
37
35
32
21
29
20
25
25
0
51
33
45
32
30
26
55
34
48
43
40
30
31
59
36
44
45
66
48
64
54
62
15
32
32
41
48
48
52
48
51
35
30
29
56
43
72
71
30
49
60
55
66
67
84
54
38
57
66
68
43
80
53
48
33
56
48
49
50
47
39
37
44
50
45
59
37
31
45
55
48
31
16
38
80
53
27
53
38
55
23
28
41
45
32
54
56
48
65
52
39
28
17
43
45
48
45
29
40
68
34
48
53
42
60
70
32
37
52
62
40
53
33
54
75
60
57
43
47
53
61
35
47
63
27
49
61
37
53
53
44
65
51
62
40
58
79
53
30
62
49
47
55
47
39
38
52
44
45
44
42
17
48
43
40
60
42
41
67
53
43
63
61
52
30
24
60
31
32
36
51
36
37
25
23
40
27
48
25
32
4
44
31
13
41
29
23
42
22
20
37
25
22
33
23
19
22
21
37
19
36
29
32
25
17
27
31
28
19
10
32
30
33
26
7
9
26
8
4
11
30
22
14
-1
24
10
-2
11
29
14
11
14
2
11
-4
-11
27
1
-2
30
6
3
27
24
31
7
-11
7
10
27
10
22
-13
32
4
20
-1
18
17
5
-10
-8
-15
9
-4
23
-25
12
-5
0
-11
-1
7
2
9
11
16
15
-4
8
-6
19
24
10
10
12
3
11
20
10
-11
4
7
9
14
2
0
5
12
14
10
1
-2
19
15
20
-4
22
10
-4
-9
13
13
9
24
33
-3
28
-1
-1
-5
-4
-9
-12
-2
0
13
1
-13
-4
0
5
15
1
20
-5
-10
32
16
-4
14
1
19
23
-8
12
10
13
13
-1
-22
-3
-1
9
3
-3
16
-11
16
12
11
11
21
-15
-3
3
-15
1
-2
20
13
30
4
21
30
23
-8
20
-4
10
3
24
14
9
-8
22
25
8
-2
-17
10
11
11
0
12
2
27
20
15
19
13
9
-2
17
26
34
-1
20
-13
17
7
37
26
28
30
5
6
37
56
32
11
18
28
31
23
15
14
-1
20
21
21
18
13
5
18
39
60
39
30
25
38
21
22
21
19
35
16
22
24
17
43
26
44
28
15
48
11
22
24
46
32
32
37
37
30
49
23
27
38
30
37
51
57
40
23
48
48
54
41
56
48
47
69
40
48
77
59
51
89
63
55
58
70
66
55
68
75
74
50
64
73
74
60
64
51
52
76
55
83
58
56
99
56
63
89
61
52
50
64
56
73
55
33
79
76
49
50
53
68
35
53
49
54
70
79
40
56
36
62
41
42
43
22
53
30
50
38
64
52
41
44
46
54
59
47
24
43
36
39
73
37
70
97
56
54
63
54
68
48
64
68
53
60
45
73
59
59
41
29
33
57
63
59
46
69
54
81
42
65
60
58
52
62
53
57
48
53
65
68
66
57
47
25
38
27
47
57
30
38
35
53
38
36
29
22
31
46
55
26
36
54
31
41
17
10
30
42
41
34
40
31
27
26
30
37
31
32
56
21
18
22
22
35
0
18
12
37
22
17
29
25
25
34
40
-4
3
8
4
8
11
30
22
35
13
22
6
31
12
4
14
16
10
-4
23
26
30
7
7
-2
8
10
6
1
5
10
22
13
10
22
17
6
13
-6
-2
3
-2
-2
9
19
-9
26
1
2
2
10
-8
-4
-8
13
4
-3
0
25
13
23
-1
1
4
1
1
-5
16
-7
1
-3
-11
5
15
6
14
0
-1
-8
-10
29
25
9
-4
-10
23
8
0
5
4
-4
3
5
17
4
0
-5
21
-8
-5
7
0
8
17
-1
-10
17
-2
-12
9
18
11
12
30
15
-5
9
0
14
-12
-6
12
6
17
29
39
7
4
7
0
12
35
13
23
25
21
15
19
-3
15
-11
14
3
23
12
34
24
1
33
19
14
10
-19
17
20
23
27
7
25
5
25
7
0
47
20
4
20
34
30
3
12
22
45
18
23
53
15
13
14
18
17
21
50
17
24
11
31
10
13
12
43
37
28
22
21
12
31
38
11
30
30
35
39
38
27
40
31
43
32
30
39
42
39
40
66
42
46
58
48
51
49
47
39
60
56
42
27
44
71
51
47
74
53
78
70
75
65
38
73
69
54
69
64
86
89
62
63
100
95
76
59
71
65
62
78
68
80
54
92
60
77
58
43
87
84
86
47
89
86
60
63
51
37
60
63
73
82
28
61
52
71
65
64
77
66
41
72
61
79
69
64
55
88
78
82
98
82
69
83
53
46
61
54
101
72
70
70
92
81
77
78
98
65
68
79
100
75
69
81
75
85
44
70
70
65
70
66
107
39
63
44
70
62
47
80
60
43
65
47
62
74
65
52
21
57
47
61
56
41
50
67
30
60
60
54
43
56
46
23
22
43
44
42
30
46
41
24
31
15
2
26
17
21
13
38
25
46
20
25
7
6
-6
29
9
27
20
22
9
21
6
18
28
26
4
8
36
17
22
20
24
15
12
1
25
18
-12
16
18
1
26
28
-14
19
15
-1
17
26
3
18
29
-3
4
8
20
16
7
13
19
15
22
-1
0
33
18
5
-5
22
3
-8
10
15
7
6
-1
8
4
-3
-7
8
6
1
6
19
-20
-2
20
7
17
1
20
26
10
6
16
-9
-2
13
3
5
12
6
9
20
17
13
15
2
20
20
11
-20
14
8
20
-1
28
15
7
34
-7
22
5
-4
1
7
23
-12
5
14
17
25
27
24
41
11
20
-8
24
26
26
18
26
24
24
18
15
24
22
33
5
25
42
30
46
13
29
24
26
23
38
37
14
51
14
30
17
34
24
17
12
22
10
22
24
14
42
40
46
27
11
40
41
39
66
40
73
57
39
31
45
53
47
64
76
54
62
69
71
91
70
112
79
79
66
95
92
86
100
46
104
86
95
83
110
61
88
85
107
79
102
109
103
83
102
82
93
86
101
101
96
101
84
78
100
80
99
77
79
90
73
100
69
81
67
79
95
82
67
73
61
79
81
47
96
106
88
83
86
93
92
72
81
101
77
70
74
74
91
98
111
94
102
98
102
89
81
99
90
104
124
91
99
90
91
115
86
80
104
81
104
103
100
68
69
86
93
100
73
57
64
57
75
64
61
69
72
69
54
63
95
66
58
50
74
42
63
49
50
62
40
36
64
50
40
33
19
50
47
36
37
40
32
38
2
47
45
38
40
26
44
13
14
27
22
35
42
29
22
18
1
13
8
13
22
35
15
8
30
21
21
9
28
6
21
25
0
3
8
26
18
1
12
13
15
-5
10
-1
14
11
19
5
-11
-10
8
16
13
23
17
3
-4
2
-6
28
8
8
10
-13
17
10
20
5
-2
17
1
-1
1
17
12
30
21
4
-2
0
-14
1
-9
-2
3
4
2
6
-2
5
-3
20
10
26
14
3
7
13
29
-6
5
8
3
9
8
13
11
2
30
11
3
7
35
21
38
16
11
14
33
11
25
15
27
28
32
38
21
26
19
41
30
32
37
39
13
41
46
42
29
51
58
16
11
38
30
43
16
44
16
29
19
30
36
33
28
41
37
36
28
20
31
35
52
31
53
69
41
66
62
65
78
75
50
104
88
92
75
60
91
97
87
70
86
113
84
74
110
116
92
91
106
85
93
83
88
104
109
107
91
118
97
111
75
105
93
88
113
107
89
77
96
105
110
95
70
72
64
94
92
123
87
87
92
93
65
87
98
64
85
88
98
119
72
101
124
114
99
93
103
100
117
122
94
93
99
104
114
101
122
112
104
74
95
111
99
97
113
106
127
83
86
101
76
79
103
89
50
69
84
81
77
76
64
72
100
60
63
76
72
53
63
48
58
52
70
82
62
64
41
34
37
51
47
17
47
60
71
47
63
42
24
20
36
18
38
13
58
18
34
16
28
14
31
31
18
38
38
21
16
34
-4
15
21
20
20
21
6
18
15
38
36
19
14
28
3
3
-13
22
27
11
-4
27
14
5
-3
18
24
-5
11
6
9
14
30
11
9
-2
18
-3
-2
5
6
24
4
3
22
23
24
10
26
-9
-1
29
24
-14
28
1
16
1
18
26
25
20
15
21
-15
9
9
13
8
9
32
22
-2
11
-1
6
30
35
15
24
2
13
31
7
17
0
28
13
29
16
3
36
26
28
10
5
20
27
41
36
47
26
34
31
41
36
29
26
20
30
36
34
39
44
25
21
40
48
106
59
39
24
39
38
44
36
48
53
41
56
47
53
94
58
90
95
62
83
86
104
93
91
98
95
80
81
80
95
115
111
99
84
104
122
153
130
128
105
149
121
125
136
122
141
96
128
117
95
108
105
122
90
89
113
121
87
90
94
108
103
97
122
110
110
99
101
114
122
108
102
122
106
87
119
124
114
97
113
113
109
122
139
109
103
147
142
138
150
110
134
131
126
129
122
136
111
115
115
113
108
104
99
75
96
93
119
78
74
73
92
85
68
73
76
80
75
92
62
96
84
63
73
54
52
73
47
58
71
65
57
53
55
50
35
49
47
52
34
49
45
41
38
23
34
29
45
29
47
21
45
47
35
29
34
27
24
25
15
23
10
15
-6
16
41
19
22
33
17
-5
10
30
35
12
18
33
13
14
-2
9
-3
2
12
9
34
30
-3
22
18
23
4
10
29
22
4
3
22
7
32
-13
16
17
-14
25
9
4
-13
22
5
9
10
17
19
-8
20
7
-10
22
14
11
28
11
9
6
21
21
30
41
12
5
15
4
-5
15
1
31
17
26
45
20
18
42
5
18
16
16
40
17
46
34
31
45
12
41
50
41
48
54
37
38
41
42
41
45
28
40
31
29
43
38
50
37
45
36
38
66
36
56
70
84
56
76
87
94
103
76
92
101
98
118
96
135
103
132
116
102
138
157
124
128
135
130
128
168
136
139
144
142
126
138
144
130
113
137
108
136
125
134
103
135
112
128
111
138
111
154
103
112
127
119
123
99
129
131
118
118
122
104
122
89
139
127
150
132
152
135
125
149
113
115
168
148
134
157
141
154
131
132
115
145
124
104
93
95
125
100
149
98
103
89
80
100
111
114
114
122
82
77
82
70
107
102
70
58
70
72
83
70
67
44
57
59
41
54
42
59
53
79
54
47
40
43
35
41
41
21
39
14
55
45
22
25
30
23
35
23
21
20
32
16
31
33
15
-2
37
11
22
33
45
25
5
17
19
32
28
29
-3
25
-6
13
22
4
26
6
-16
8
12
30
40
4
27
-4
26
7
31
11
14
6
-6
27
-8
14
18
22
1
3
16
16
22
12
16
16
24
-2
-4
6
12
18
27
18
8
4
20
8
1
26
18
21
12
0
31
16
33
30
10
13
26
25
36
51
37
5
47
23
26
25
35
20
3
21
35
32
26
32
11
38
11
30
18
14
55
42
49
58
72
42
58
51
62
66
42
75
79
99
86
80
93
67
137
107
121
115
105
122
104
112
129
119
107
146
114
132
117
118
141
151
142
128
132
137
130
120
129
121
103
128
116
113
158
132
138
99
115
138
123
98
81
95
119
112
137
132
128
128
128
148
102
148
124
157
113
155
156
137
122
173
133
159
144
140
159
155
157
156
124
134
122
122
137
145
121
121
102
114
94
109
126
115
134
121
109
79
96
94
89
84
76
97
61
109
76
51
76
68
56
70
61
79
68
53
83
82
59
37
28
60
12
40
17
55
36
41
40
50
35
30
23
35
12
47
51
48
-1
21
29
33
22
37
19
30
21
24
0
54
32
4
3
10
11
23
11
22
7
19
11
28
5
22
5
3
11
2
4
19
-2
12
10
38
-4
8
30
-3
37
12
32
15
14
2
16
31
21
10
11
19
36
15
16
2
18
-6
12
32
45
30
19
42
0
9
24
23
26
2
43
19
24
39
25
20
24
52
48
18
11
42
39
23
54
32
27
24
63
17
43
15
28
45
38
45
25
68
51
76
41
58
57
40
65
61
63
71
115
89
87
87
103
83
124
139
128
125
135
139
142
124
129
142
123
126
135
146
152
134
122
127
129
135
107
160
127
126
126
121
140
128
129
119
125
114
94
118
125
112
116
128
125
137
142
133
144
142
116
147
133
135
152
166
150
143
140
123
162
161
144
129
130
165
150
152
123
153
148
132
129
130
107
112
154
119
90
117
98
86
99
97
102
97
83
98
91
91
113
87
82
72
71
56
93
72
91
45
82
68
68
75
54
50
52
62
51
21
34
34
20
47
43
25
36
42
41
51
37
47
15
25
8
24
-4
55
5
16
25
22
27
25
24
43
6
20
33
24
35
12
19
23
41
13
33
13
19
29
6
19
9
26
6
-7
19
9
36
22
19
17
41
42
12
4
18
14
26
21
11
16
-14
-1
43
16
8
17
22
21
11
7
16
19
37
38
36
30
42
21
30
31
27
38
39
57
34
23
51
39
45
35
34
45
59
37
32
55
37
47
48
25
54
64
44
54
63
79
60
66
56
60
84
111
91
83
94
85
102
121
138
130
89
126
120
145
129
153
146
128
161
158
120
141
126
157
135
162
162
164
134
169
143
124
153
132
139
129
131
128
160
173
130
147
161
147
132
154
160
158
145
134
150
139
153
169
165
141
148
172
158
164
186
166
166
161
177
126
158
165
133
158
157
162
147
142
132
146
143
134
151
157
108
147
115
116
114
123
123
109
106
115
101
83
102
99
71
74
84
73
86
71
63
86
64
53
58
74
38
34
34
51
70
46
39
45
36
43
21
28
13
32
26
43
55
13
48
20
27
52
34
50
27
34
29
26
8
19
27
36
21
11
38
34
24
8
9
13
10
5
17
11
16
32
17
3
24
29
33
8
23
31
9
12
22
28
15
29
11
25
22
6
32
22
10
13
17
14
24
25
38
39
4
8
28
32
40
36
35
24
51
30
35
26
34
33
54
48
29
27
62
42
31
21
40
51
62
35
66
58
28
52
67
68
69
78
65
81
84
99
86
102
92
122
121
118
126
141
137
157
123
155
161
175
180
164
148
164
159
164
169
156
159
181
164
146
143
161
162
140
148
163
138
130
150
163
172
150
173
157
132
168
180
168
172
190
180
173
194
169
187
204
172
210
202
194
184
207
186
166
167
169
186
196
178
181
181
165
143
163
166
182
150
129
133
142
136
101
123
114
100
120
139
125
128
98
120
102
107
70
104
79
65
87
85
67
74
61
92
70
45
73
25
98
58
69
54
60
48
52
36
65
16
55
38
29
41
42
39
43
50
27
33
38
27
44
32
10
34
44
32
33
28
35
29
25
25
24
20
19
46
19
25
50
9
18
13
27
18
37
17
30
37
5
33
11
15
-12
8
37
12
21
30
25
24
22
11
35
31
22
23
31
35
27
25
37
38
20
30
43
25
20
52
33
38
68
55
18
52
48
33
55
39
47
41
46
22
51
97
69
39
68
76
76
79
78
72
86
92
96
127
151
158
134
122
127
142
167
169
178
158
165
174
174
143
172
193
198
173
164
161
159
184
157
171
161
130
144
161
159
156
171
137
152
155
161
180
182
165
174
194
174
183
222
181
202
194
171
187
199
149
181
212
197
193
188
203
149
172
191
192
178
183
166
155
144
157
156
144
129
159
141
159
168
155
125
147
154
101
123
107
96
86
81
111
74
65
73
112
75
74
58
102
70
101
73
60
41
34
40
36
59
45
36
41
23
46
40
22
25
50
28
30
31
40
10
29
14
22
9
24
27
36
10
37
14
27
7
15
34
30
25
10
32
14
6
27
19
38
17
23
16
8
26
29
23
33
28
7
7
20
29
20
17
12
22
36
20
34
20
40
23
25
5
32
14
27
33
21
37
35
29
49
65
49
52
30
63
31
54
55
40
69
31
29
40
49
58
75
49
74
57
71
32
85
106
91
91
111
74
123
113
121
147
137
126
151
137
147
164
171
144
177
177
173
156
167
169
170
189
172
164
204
174
159
153
154
182
165
157
163
160
165
148
168
186
202
191
175
154
194
192
186
174
196
178
180
201
191
191
208
196
169
169
193
185
175
170
156
174
181
148
155
138
157
157
124
137
148
123
158
114
112
119
93
137
135
85
90
88
83
89
72
94
105
80
93
74
86
83
45
80
42
61
56
74
59
59
69
58
25
49
28
73
41
52
36
37
47
37
52
19
30
43
26
41
23
15
28
31
42
10
16
23
30
17
41
24
17
26
39
30
8
19
36
17
2
42
16
11
15
5
9
24
8
19
14
17
20
30
14
41
22
27
11
24
31
15
44
28
33
33
9
64
55
35
18
47
54
47
31
36
44
31
22
26
48
28
38
30
31
56
41
70
64
73
70
102
54
81
106
103
108
128
107
111
148
144
145
159
139
156
170
165
164
152
175
168
157
154
157
168
130
178
152
194
142
143
162
134
150
141
138
150
154
183
168
179
163
169
184
189
184
175
179
167
183
174
171
159
176
210
152
181
181
178
176
199
195
194
186
171
165
188
165
166
155
146
152
147
141
143
139
144
120
140
101
138
108
114
72
127
91
108
90
94
71
81
94
85
67
48
72
53
54
55
49
65
31
36
48
22
56
28
34
37
49
15
43
25
32
35
34
47
30
20
36
33
24
9
2
49
29
11
45
41
20
22
16
17
14
18
7
31
8
42
2
14
15
21
11
16
26
25
33
29
16
24
32
24
17
34
24
8
25
33
27
28
18
22
11
21
51
16
48
52
37
56
35
38
21
36
48
39
49
52
35
40
61
52
71
83
66
86
86
107
100
104
114
97
117
132
120
151
163
150
154
167
168
149
158
141
179
185
154
193
152
168
166
159
166
183
157
170
142
170
171
168
138
173
191
179
160
207
188
179
198
211
177
209
216
183
200
216
188
183
205
187
161
197
223
194
204
177
191
192
186
130
157
173
146
139
141
146
121
148
105
148
120
89
112
129
121
118
90
98
94
130
92
70
57
68
53
67
68
64
60
79
67
56
49
63
60
61
45
38
37
8
49
37
28
33
25
20
34
19
38
15
30
18
16
2
23
20
47
13
19
25
2
22
14
34
39
-1
36
-11
30
24
33
2
18
13
15
-1
23
26
-5
24
24
-1
1
15
0
2
26
14
28
1
28
26
36
35
33
7
21
9
25
41
32
48
15
50
39
41
34
39
40
29
26
43
22
61
55
47
51
88
89
80
77
91
94
90
90
95
111
130
115
120
118
137
122
110
106
135
129
139
169
153
142
126
85
121
114
115
122
113
123
126
128
136
121
141
127
133
197
97
65
108
130
136
96
46
151
220
150
109
182
151
160
151
106
125
114
152
122
130
116
140
96
103
109
110
103
74
92
99
89
101
57
73
73
60
81
63
89
53
51
45
58
47
56
43
37
44
5
12
22
55
23
20
19
26
27
46
32
15
36
-11
22
40
43
4
8
6
16
5
3
8
18
18
4
13
0
7
2
-5
12
11
3
-5
5
8
8
7
11
3
1
7
22
12
7
-4
-13
11
23
-13
11
13
-2
10
8
32
5
-2
5
1
9
22
24
14
21
4
16
9
18
34
2
8
14
18
34
14
43
53
55
35
46
42
50
69
79
88
92
85
87
75
77
87
84
80
109
94
78
75
99
113
108
105
121
106
98
70
108
121
108
85
81
92
96
98
117
98
123
118
103
115
92
116
101
96
94
113
125
129
96
108
97
76
77
111
114
77
126
89
64
81
94
104
76
73
96
83
46
42
62
64
53
41
53
53
29
44
30
-2
38
18
24
17
30
-2
22
29
33
34
28
43
25
16
22
26
-6
36
20
23
24
14
7
3
24
-8
-5
8
27
0
20
3
9
1
-10
2
-5
12
2
14
37
-12
-2
1
14
-8
15
6
7
-5
11
11
-5
-22
10
-1
18
-3
2
-2
11
3
17
12
0
-3
32
5
-1
-27
21
15
18
-11
25
28
4
10
17
0
6
18
12
29
5
42
32
37
11
24
34
21
32
42
40
57
59
61
56
76
65
91
78
65
59
72
77
77
62
71
73
54
42
68
67
59
33
77
64
57
64
66
75
57
62
98
64
65
86
59
80
76
71
64
85
102
75
93
82
92
63
88
86
71
68
59
58
67
69
59
62
33
38
56
26
28
50
51
23
36
21
22
28
13
25
21
8
31
31
19
39
14
31
-7
4
5
-8
-8
26
8
18
16
21
5
6
-4
20
11
9
45
-2
22
4
7
19
10
2
-5
10
7
17
0
5
15
15
-16
7
7
19
1
-26
-3
-13
23
-11
8
15
9
-1
-21
-2
-2
-20
-1
-3
-18
12
-11
13
-12
-1
11
8
-11
10
1
13
-3
5
-2
-5
5
15
0
13
17
5
7
5
32
20
13
25
11
14
25
29
52
8
54
45
64
31
62
48
57
48
46
18
31
61
65
54
38
46
61
54
48
47
52
24
71
44
55
45
29
51
41
41
50
52
74
68
45
74
72
73
52
45
68
52
78
62
60
56
61
64
55
49
38
37
37
61
31
34
32
41
12
35
35
11
26
33
32
14
9
23
12
42
13
24
24
30
36
12
-6
12
13
6
20
21
-2
9
8
11
18
-11
28
12
3
-2
3
5
13
19
6
1
8
-2
-21
-3
10
4
2
16
7
-4
11
5
30
-6
-10
7
2
-7
2
-8
9
3
-3
8
5
-20
0
2
-19
16
-7
-5
-12
13
3
-10
8
18
-12
8
-30
-7
-6
17
20
3
3
-7
9
5
-14
21
26
9
4
0
15
8
9
21
29
15
18
30
33
52
38
19
58
42
21
38
55
66
67
27
48
55
27
15
18
16
35
30
39
36
27
31
34
34
29
19
28
16
35
41
38
53
19
50
38
41
48
44
38
42
46
34
36
34
24
26
32
48
19
19
18
38
31
21
10
14
7
23
16
11
14
-2
22
-2
28
17
-6
-4
-4
9
4
2
14
29
4
4
0
4
4
23
-1
21
13
-17
1
28
-2
2
-23
11
-6
8
15
-12
0
-4
-3
3
0
3
4
8
16
22
-9
-2
-2
1
-1
2
3
2
-5
16
-12
-2
1
7
19
-13
4
-8
-9
20
-14
13
-6
4
-1
-4
-6
11
-10
-18
-2
4
-2
16
24
-9
24
23
7
-8
6
17
-6
-8
-12
0
16
19
19
12
12
17
11
27
-1
17
46
38
62
22
17
41
20
47
23
46
25
22
23
-4
27
1
25
8
30
32
25
24
1
4
44
42
30
10
14
23
7
13
29
18
32
33
16
14
27
21
36
15
33
18
16
6
25
-2
-2
16
-16
-4
17
14
27
-11
5
12
0
9
20
29
-14
4
11
-1
15
-4
-4
-8
-17
-19
16
1
-10
18
1
12
7
1
11
2
-1
9
-10
15
-7
8
0
-2
2
12
11
2
-8
-2
-8
15
8
-13
6
-2
5
19
-1
-9
1
-12
-1
-7
15
-2
11
-3
-6
3
3
-10
10
-6
18
26
5
6
12
-6
3
-14
-2
-21
-18
-1
9
-9
3
12
-8
-3
8
