# Zeeman image prpjection from 60 to 80
18
-4
3
12
28
-13
22
-1
18
1
18
39
-6
43
18
37
25
-4
-14
10
-10
16
18
16
-1
6
-1
23
14
21
6
29
-15
9
20
15
16
11
14
-9
-9
26
21
22
15
15
14
9
4
-13
-10
2
10
-6
23
17
-5
4
-6
11
8
21
16
27
45
3
10
12
23
15
7
-7
-4
32
19
3
5
19
10
1
14
1
-1
21
-4
19
7
12
0
5
29
3
28
15
4
-12
42
13
19
16
20
32
7
12
8
-6
16
13
11
7
-3
10
21
12
10
38
16
-14
20
29
14
21
31
39
2
13
4
35
14
9
32
12
12
29
21
5
13
32
43
11
24
-3
38
11
12
26
31
31
22
40
12
15
12
3
1
2
20
28
30
6
19
13
32
21
6
2
36
17
42
-12
21
35
13
41
39
28
9
15
25
18
27
35
22
3
41
8
40
35
8
-3
14
-6
14
20
16
39
-2
10
11
20
29
-20
22
20
23
-6
25
4
9
28
-14
27
0
5
32
-1
-12
-3
21
-3
31
24
18
12
-3
29
-1
26
-3
12
18
5
15
0
11
-2
17
1
15
3
32
10
3
27
4
3
17
6
28
1
-1
23
5
-1
-10
0
-1
12
-9
-8
-5
6
-14
25
8
9
10
-11
4
-1
23
10
9
16
6
5
0
29
12
21
18
7
3
2
12
13
5
7
1
21
30
8
-7
12
5
12
28
9
21
13
28
26
-4
3
33
9
-1
-8
4
10
3
20
1
-12
10
20
-4
12
0
4
-23
16
13
8
3
5
2
-3
1
18
-4
6
3
9
11
-26
6
18
-9
-3
5
4
8
-5
4
4
-2
-2
-21
-4
5
0
7
2
0
-18
-15
-21
8
5
8
7
2
4
7
6
5
-8
3
-18
-9
-7
-7
-8
22
-9
-15
-3
-6
-6
-2
-10
-7
19
1
-9
-2
-2
20
-6
-9
17
-10
-17
-3
25
5
6
-2
19
8
-2
-10
-10
1
-17
-8
19
6
-13
-10
-1
23
-10
11
-19
-10
-10
3
10
7
-7
7
-5
-15
-17
-9
-9
-14
9
-6
0
6
4
-8
3
1
-18
-7
-3
-13
-4
16
-3
-4
-2
10
-4
19
5
-20
-10
3
11
-2
-11
0
0
2
0
8
19
-21
-12
6
-40
-3
-16
-19
-3
-18
10
1
-8
-16
-7
9
-9
-3
8
7
-3
17
-12
-11
20
-17
-8
-23
-1
16
-4
-11
-12
-3
-19
7
-12
16
-4
2
-32
-16
-28
-8
4
-10
-13
-11
6
-10
-6
9
7
3
6
2
12
-35
-25
5
-27
-8
8
-7
3
3
0
-15
10
-5
-15
-14
1
2
8
-1
7
-23
-6
16
14
-7
-6
13
1
-8
8
-6
4
-9
-4
-6
-1
-1
0
-28
2
8
-7
-12
-26
-4
-10
-22
-21
12
6
7
-1
-15
14
3
7
12
3
-12
4
18
-1
-4
-31
3
4
-1
-12
1
-15
-5
-9
-5
-5
-13
-3
-7
-22
-6
-30
-2
16
28
-13
6
-14
5
-17
-10
-22
-3
13
-3
-5
0
2
-13
2
5
7
-16
-7
0
-2
-12
-1
-3
-7
-12
-21
-7
-7
12
7
-2
-21
-6
-10
-7
1
-12
-17
3
-4
3
-8
8
-3
0
-1
-18
1
9
-34
-19
-3
-20
1
-9
8
5
10
-12
20
-4
-18
-4
5
-7
-4
13
20
-4
-5
-11
-32
1
0
-16
-14
-1
-4
-1
-9
2
-9
8
20
-1
5
-21
-3
-19
-16
3
-9
5
-2
12
30
1
-16
5
-5
-19
14
-17
-15
-16
-6
-20
8
4
5
-1
10
-13
-15
9
1
-1
-12
-2
27
-10
3
-6
11
-6
20
10
-5
8
5
-6
-2
-4
-23
18
-12
-10
-14
1
-16
-5
-5
3
-1
6
5
2
-13
0
-23
-6
10
1
3
-31
-9
2
-5
7
2
-2
-7
-9
-13
-5
3
-15
13
-28
1
-16
3
6
-7
6
8
-2
-17
-6
-20
6
-11
-6
-5
-7
-12
-15
-16
-21
-9
8
-12
-3
-13
1
-30
-10
-6
-5
-24
-18
1
-11
-3
-17
-18
9
-4
-8
6
-12
-14
14
-3
4
-11
-4
-2
4
5
-15
-25
-27
-23
4
7
1
-13
3
-18
-19
1
13
21
6
-1
-10
-12
-11
-2
-17
1
-7
0
-2
-17
11
-1
-17
-11
4
-16
6
-9
3
-18
-7
-13
21
-12
-8
-12
1
-19
7
8
7
-6
-15
-5
2
14
12
11
17
-7
3
0
-8
-7
1
12
-23
-9
-16
-9
-35
3
4
3
-5
-3
2
-5
6
-10
-13
-17
-13
-14
5
-18
12
-9
-13
-10
-6
-10
-23
5
-9
-7
-1
-18
8
-1
1
2
-8
-8
-19
-5
0
-5
3
1
7
5
-5
-7
-4
-1
7
-41
14
-18
-28
-17
-4
13
-4
9
-28
1
13
-11
7
-30
-4
-3
-18
-8
6
-7
4
0
2
-9
6
-12
8
4
-14
-1
13
-2
-10
-17
-5
-17
-3
3
-2
-17
-2
-4
-6
-18
7
10
-6
9
-27
-16
-2
-7
-7
-8
-20
8
0
-3
1
-10
0
-6
-2
-19
1
0
-32
10
16
-10
9
1
-5
-4
-18
-14
-17
-14
6
-22
-11
12
5
-16
12
2
13
-4
-9
3
-20
8
3
4
-14
-13
-1
11
7
2
-14
-10
-10
10
-26
-4
9
-10
-7
-15
3
6
2
-12
-24
-6
0
-22
-28
-1
-9
11
3
-20
-11
-11
-33
9
-6
-3
9
-15
2
-2
5
-2
2
-4
-6
-17
2
-9
-5
8
-4
-3
15
-3
-6
-2
8
-12
-23
-1
4
-16
14
10
21
1
9
0
32
-8
-18
-1
-3
10
17
-29
-2
-27
-1
-1
-7
11
-7
11
-21
-4
-3
-7
-3
-3
0
-11
-7
-2
-7
-8
-24
17
-9
7
-3
-7
9
-9
-4
-3
-2
5
2
-8
1
-4
3
7
0
-7
-12
1
-1
-2
-10
8
4
-8
-8
-5
-2
-2
11
16
1
-6
2
4
4
-21
-7
6
3
-4
-12
4
-4
11
-5
-17
2
-9
-1
-33
-4
-2
-4
13
2
-3
7
-15
-9
-2
-4
-7
-10
-1
5
-3
0
-3
-12
12
2
-1
2
1
15
3
-13
-4
-11
-18
16
-34
-7
-16
19
6
-16
14
-6
-19
-1
2
-14
8
2
3
5
-3
-27
-5
8
-7
-6
-18
-6
10
-3
6
4
1
-6
12
-3
-18
15
2
-17
-18
-17
7
-5
22
-15
-9
-11
22
11
3
13
-3
11
-6
-2
-5
19
-12
0
-10
3
-16
-6
-4
-1
-5
-11
-6
2
-8
2
-1
-23
7
3
-4
-33
6
-12
-11
-7
9
15
-2
-21
-23
1
12
2
0
-8
3
-3
6
3
-2
-23
-5
-6
-12
-7
-8
0
-6
-13
-21
6
3
-19
2
-9
-1
-1
-2
-13
-8
6
7
2
-15
22
-14
-21
2
3
3
-6
-13
-1
5
-6
-2
9
-1
-4
-16
-19
4
2
18
-10
-1
17
7
1
11
1
-14
7
16
-2
-15
0
13
10
19
-3
-3
-1
9
10
-2
-1
8
-8
7
5
9
3
14
3
8
3
11
-1
15
-6
-6
4
0
-2
11
3
-19
-10
12
3
8
4
5
-10
-5
-3
10
9
-19
4
13
31
5
-26
7
0
2
4
-16
11
-13
-15
28
-13
-8
-27
-1
13
-4
5
-4
-7
-12
7
-6
6
17
8
5
-2
20
2
3
-1
-8
5
17
24
5
24
21
0
2
-13
-14
2
-1
4
-13
5
-16
-4
7
13
20
19
8
15
9
3
4
-5
6
11
2
9
-6
-10
14
15
-11
-5
38
12
8
-6
4
-22
-20
0
-1
-8
-24
25
-4
12
27
-7
17
11
9
7
18
-4
12
-11
1
-2
7
6
7
0
-8
-18
10
-13
10
6
24
-4
11
17
17
12
-6
1
-5
22
8
23
18
2
9
8
-1
-2
-8
10
-6
-18
14
-32
9
6
5
-5
17
13
4
28
2
20
-16
2
-2
11
-7
12
20
-5
-1
-11
9
7
15
-5
-3
4
31
-6
10
12
10
-10
-16
-14
7
2
18
11
1
-15
-4
5
14
0
8
12
-10
11
1
-1
-8
6
4
-8
7
18
9
13
-7
17
1
12
15
20
9
23
16
16
16
16
12
-7
24
5
12
7
16
15
-15
1
11
24
19
14
14
6
10
21
5
17
20
8
10
16
11
10
8
14
-3
18
8
16
3
26
15
17
5
-3
4
32
18
17
24
10
-4
22
2
0
6
29
11
-4
9
24
-5
0
14
15
12
-6
4
17
1
20
17
15
9
9
12
-10
10
25
-7
-20
14
22
21
11
13
20
38
17
8
7
10
-6
10
4
17
6
7
-2
10
3
-2
9
-18
22
15
10
31
30
10
9
12
30
-6
21
-7
18
11
16
2
11
35
19
-7
3
21
18
3
7
15
18
2
3
17
17
6
22
19
13
3
6
5
4
2
11
22
11
-5
19
13
7
27
19
15
5
11
7
4
3
19
-4
25
-4
0
-14
13
15
13
9
2
-5
-8
-3
7
-2
18
15
25
8
14
22
10
-10
-5
16
0
-12
7
3
-5
-9
0
14
4
15
19
-7
8
6
3
13
-6
0
6
-3
18
6
16
-3
0
12
-2
7
-12
11
21
-1
0
4
18
0
2
3
9
-7
6
19
12
12
0
14
-9
12
17
13
8
0
2
-5
7
22
2
-8
17
6
-20
-12
16
-10
13
-3
23
-1
1
15
-8
21
-16
-20
-3
8
1
2
1
5
10
19
0
8
-12
-1
-3
6
12
7
7
-9
8
0
16
21
15
2
-3
10
18
-6
-4
17
17
15
-9
2
-19
3
12
1
20
-4
0
-18
-5
-2
-6
-10
3
-9
-8
10
-7
16
-7
-3
14
-14
-15
10
13
10
-16
13
-12
-23
-5
16
-4
-4
-5
7
11
16
11
-20
4
7
4
2
-13
5
-17
-3
-3
17
13
9
4
8
5
-21
0
12
-1
-5
-15
-6
-5
12
4
-11
16
-21
-7
6
22
0
7
-4
-16
-2
10
8
0
3
1
12
-2
-3
15
2
-8
-2
4
19
8
6
6
-13
12
6
5
-7
22
-15
4
-4
-8
4
16
-9
-2
-11
4
-1
2
-5
18
-2
3
-7
1
21
4
-10
12
1
3
2
6
-16
4
1
-4
10
-1
9
1
-17
-15
6
-5
-6
6
-1
-3
-2
-13
15
4
11
-6
-1
0
1
2
-2
-20
11
14
-10
6
8
33
-3
-8
3
13
9
-7
6
3
10
9
-8
2
2
19
-1
18
10
13
30
29
4
8
-2
20
12
21
7
10
-2
10
0
5
15
28
11
9
7
13
18
28
-4
32
-1
2
-15
2
3
7
-2
13
-1
20
-9
13
15
11
16
12
15
-11
1
11
-9
5
7
30
-15
6
5
12
27
21
12
25
24
27
-2
2
14
26
10
-7
13
6
21
26
27
7
1
11
22
39
0
16
18
6
26
12
37
11
17
11
20
11
12
10
34
24
18
7
12
35
14
34
35
24
10
14
11
26
16
31
5
23
20
16
19
20
19
20
22
38
8
29
28
20
4
21
31
26
39
5
18
28
22
36
24
-1
14
39
17
43
9
-1
20
21
23
25
22
10
26
45
25
17
22
18
34
20
24
0
27
14
14
4
25
22
-1
25
39
43
28
33
27
23
30
29
26
32
16
29
-3
24
16
-2
13
44
11
16
4
9
18
19
23
35
35
7
24
0
28
14
18
23
44
24
11
39
46
29
48
27
10
30
44
46
45
11
6
37
57
31
32
52
41
48
36
57
35
33
40
23
41
35
46
43
43
28
49
37
69
42
48
48
46
60
42
26
27
18
44
59
47
29
72
32
50
56
21
47
38
37
41
63
53
54
36
44
43
66
70
36
53
53
53
25
42
49
47
43
69
43
49
23
57
63
51
34
18
39
38
49
15
38
29
44
14
62
48
23
22
42
38
37
49
52
41
25
43
64
43
26
35
43
36
54
52
35
55
55
37
43
37
45
36
40
15
28
51
46
57
43
41
41
21
22
45
42
43
19
31
54
27
65
22
30
45
49
28
36
30
22
9
67
18
62
36
39
18
35
47
32
35
42
14
20
39
60
58
22
36
39
23
37
36
36
24
31
37
31
48
49
46
48
36
34
36
32
15
34
47
12
55
42
20
31
26
24
19
27
22
79
28
16
64
43
53
42
50
34
26
36
20
18
20
31
22
39
33
49
24
49
36
46
21
38
33
53
49
22
32
65
35
50
43
24
35
27
13
62
36
33
38
44
45
51
31
28
51
19
32
17
55
34
26
27
29
38
29
44
29
31
24
37
46
23
40
26
50
47
30
36
19
25
25
21
41
45
22
25
36
44
50
12
31
22
54
36
40
42
29
45
36
28
54
26
24
38
20
43
44
49
32
32
32
55
50
46
48
48
40
53
26
46
52
23
67
34
58
68
53
42
57
59
61
32
71
61
54
43
43
62
65
57
67
45
56
70
45
55
68
61
72
24
49
71
55
42
56
46
24
64
60
37
58
48
61
63
48
69
61
46
49
51
47
43
41
33
85
54
48
54
64
44
47
47
52
50
48
80
53
78
33
53
57
45
45
51
36
67
50
38
50
50
48
61
40
36
25
24
29
34
38
8
20
37
42
23
35
35
37
46
12
19
21
27
36
23
34
13
20
33
34
21
20
4
37
29
17
6
40
29
11
27
31
21
32
6
6
16
43
16
16
26
21
7
17
25
10
15
13
1
25
6
6
9
30
22
1
-1
9
11
20
34
25
6
22
19
24
-3
2
28
18
25
27
-1
15
-1
17
-2
14
-8
39
24
22
14
3
4
-6
16
19
22
7
31
36
6
-8
2
5
7
7
12
13
0
3
9
14
7
12
25
11
41
25
13
16
-15
22
11
-1
6
5
-5
8
-6
6
8
14
18
3
42
26
16
0
-2
-18
0
-1
24
27
12
19
23
0
1
31
-15
18
7
20
16
29
49
6
15
21
16
14
26
10
8
22
27
30
8
24
17
13
6
2
25
12
26
22
30
3
3
0
20
26
4
15
39
6
23
28
49
16
42
25
30
26
19
53
21
15
-3
28
19
39
47
9
25
24
39
34
39
65
40
51
23
44
47
59
31
55
58
18
31
36
54
51
63
51
24
30
47
54
27
22
28
20
44
29
29
58
32
18
40
67
38
18
27
28
54
22
25
38
43
18
44
45
27
56
22
22
11
16
34
44
53
66
37
42
40
45
39
66
48
47
82
72
62
74
50
45
62
46
59
87
50
62
76
46
89
95
83
75
100
70
78
86
94
79
74
75
67
68
66
57
61
92
88
70
88
77
57
83
73
104
60
56
106
65
82
79
73
108
65
93
96
96
83
88
70
82
91
88
92
63
59
92
75
71
46
72
73
80
65
61
58
74
93
60
45
83
71
68
79
43
56
70
67
80
99
63
65
36
48
41
34
79
77
51
48
77
49
65
71
48
73
45
57
54
46
72
65
75
77
76
63
60
59
60
57
52
53
51
53
82
42
50
48
73
30
43
45
62
79
34
67
61
48
66
84
50
61
72
72
53
43
42
68
70
48
60
58
67
63
84
54
49
65
73
47
58
73
69
79
84
68
50
64
56
61
60
49
49
56
52
59
50
39
66
35
42
61
67
31
37
27
29
54
56
57
60
26
65
36
66
40
45
43
28
40
60
96
68
39
72
76
56
60
63
77
50
66
50
66
59
79
59
71
92
91
60
74
105
94
67
71
79
78
75
89
106
78
97
110
83
103
106
87
76
88
113
121
90
87
119
65
89
102
100
100
78
99
83
76
103
81
96
75
63
124
88
100
51
75
85
77
87
53
61
71
43
69
83
77
104
67
71
59
69
70
68
54
47
61
44
38
46
53
81
73
56
54
44
24
68
54
56
53
81
46
47
22
42
31
34
44
36
34
40
39
45
30
36
58
34
48
15
48
36
34
42
24
22
52
14
43
22
37
24
27
11
21
3
10
20
-1
17
30
25
18
18
34
40
27
15
17
18
-2
-3
7
27
19
12
12
11
13
19
37
22
-7
1
11
12
17
6
33
10
16
19
5
24
-1
29
33
5
13
9
20
24
47
15
5
13
34
29
21
35
25
27
0
32
12
11
32
41
2
39
11
29
14
21
19
19
24
18
11
23
31
35
11
12
10
22
32
23
19
25
26
12
35
32
26
30
34
36
23
18
49
31
76
20
26
50
37
38
42
26
30
63
49
9
46
44
51
43
67
33
37
45
34
55
47
37
50
37
55
37
66
39
56
48
40
31
51
55
55
39
40
32
45
62
65
50
35
26
33
46
65
53
60
63
36
46
46
72
73
73
44
61
48
76
59
73
63
70
83
88
74
68
78
66
89
72
82
108
85
68
90
108
117
97
127
119
103
124
105
115
106
109
118
111
139
109
114
155
118
117
129
138
116
98
102
115
104
105
88
110
106
97
123
142
99
106
101
109
106
111
86
89
112
102
93
106
105
104
68
76
71
70
84
84
77
79
64
54
96
75
82
57
90
92
109
97
45
87
80
80
81
76
76
64
81
49
85
82
60
89
73
68
60
71
81
96
65
57
65
48
61
66
49
65
60
72
66
81
60
69
51
67
61
61
100
69
80
49
75
74
87
77
60
98
80
62
69
62
75
41
76
105
53
46
61
45
59
61
50
73
66
54
72
62
38
55
68
21
47
64
51
54
52
29
58
57
52
35
64
76
77
67
91
87
82
84
95
86
98
73
85
89
120
97
106
86
109
88
101
103
120
90
102
117
120
116
112
113
95
92
120
100
76
112
90
86
82
102
109
83
106
82
91
79
78
101
93
69
77
81
104
77
80
100
80
91
80
67
101
102
95
73
61
84
72
74
73
48
67
69
94
70
56
41
47
45
65
39
59
62
45
65
54
41
43
69
62
59
55
47
46
56
46
69
29
19
31
38
42
34
53
17
3
25
50
37
28
35
40
16
40
33
26
25
34
22
34
48
33
34
19
63
56
36
6
-2
32
-8
11
11
11
25
55
21
28
20
16
13
8
26
21
49
26
17
27
37
36
24
32
40
27
16
33
38
50
29
34
42
17
21
14
27
45
63
31
9
18
20
30
18
25
59
21
28
32
41
39
43
35
42
48
67
47
48
42
50
37
41
28
55
43
48
75
60
37
58
88
45
60
57
59
66
64
43
48
60
61
33
48
46
13
36
67
35
54
53
35
58
33
36
67
69
58
38
47
43
51
56
37
43
72
98
98
100
98
74
93
102
70
104
82
78
72
117
108
102
84
119
83
73
101
115
105
110
98
117
131
110
88
115
121
104
116
137
115
129
115
119
98
117
111
127
84
99
110
94
97
104
105
121
97
98
83
101
106
90
111
90
97
103
104
87
101
83
84
88
101
104
101
60
78
89
86
109
87
98
89
77
94
99
104
106
66
109
72
91
74
85
88
97
86
70
68
84
71
75
77
97
94
75
102
101
73
113
78
63
75
86
70
95
60
77
97
83
77
108
76
64
68
66
60
93
56
71
86
43
83
96
70
50
42
95
84
64
53
60
69
106
68
98
67
92
54
96
85
106
73
95
116
85
97
99
111
120
76
115
127
107
107
109
113
119
98
122
105
114
144
132
121
127
131
125
126
114
142
117
131
140
109
138
135
131
133
125
103
135
112
136
116
116
106
114
146
108
115
125
86
90
126
110
62
109
99
94
68
104
75
81
111
55
84
73
79
66
86
63
105
66
82
61
84
61
56
59
58
23
53
53
66
31
57
64
49
40
56
29
64
60
40
39
54
66
32
41
34
39
43
23
49
38
27
27
33
10
34
25
57
25
27
22
19
13
12
36
40
48
24
59
32
25
23
25
21
26
42
37
24
54
29
21
18
44
23
31
31
36
35
32
34
30
14
30
16
36
46
27
37
29
32
18
56
53
58
32
44
50
51
60
49
36
43
39
38
39
62
61
55
39
55
93
60
31
46
46
44
62
58
74
33
68
71
47
75
60
49
55
67
51
47
52
40
56
46
54
65
84
68
80
77
71
94
91
116
87
66
81
88
81
90
125
85
100
127
121
124
123
103
127
110
134
140
133
134
143
143
146
169
133
171
142
160
161
148
149
142
167
160
130
176
129
147
153
126
135
110
156
154
116
110
143
132
156
150
119
126
131
107
125
118
143
109
140
131
137
143
116
121
111
137
110
104
123
109
105
114
84
109
114
127
119
100
102
98
100
104
105
142
103
93
106
113
95
108
147
99
103
123
121
131
90
96
120
122
121
114
124
94
87
110
112
68
73
71
105
64
107
112
85
107
77
88
98
76
108
89
73
74
94
109
97
107
91
110
88
126
144
124
122
129
149
123
158
154
148
165
164
167
163
145
156
161
133
139
158
143
201
152
149
167
187
153
154
147
173
148
130
128
140
146
158
136
131
135
146
142
158
129
133
148
127
154
139
136
113
112
97
118
101
77
106
106
116
120
66
98
65
95
82
112
105
99
93
80
69
65
89
66
58
61
61
61
39
61
50
78
59
51
69
36
79
45
26
24
54
37
36
50
35
47
56
43
30
51
16
44
39
47
39
42
17
24
32
16
26
40
33
25
45
19
15
32
18
5
37
39
23
52
56
41
32
27
35
28
28
23
65
28
30
49
32
34
41
38
64
57
40
35
38
50
40
69
38
33
67
59
56
46
69
74
38
50
52
58
73
64
62
70
76
58
83
80
51
55
52
64
84
38
54
56
62
77
57
83
87
59
82
117
91
92
96
118
111
125
120
128
126
154
136
105
135
130
156
150
146
151
128
157
176
153
168
166
173
148
156
189
178
153
160
158
149
140
157
140
178
157
156
134
139
142
140
179
130
138
136
144
153
132
148
128
103
118
139
119
126
118
130
141
126
99
117
128
111
108
137
134
145
127
129
115
118
94
96
96
103
115
93
112
123
93
113
131
79
112
133
129
108
100
87
131
108
87
105
102
94
71
106
89
88
83
99
96
100
105
92
83
88
80
88
102
105
120
109
76
100
105
102
106
137
125
125
114
141
150
152
151
155
184
134
179
138
177
180
155
173
165
182
165
178
178
179
188
167
191
172
157
151
175
166
190
161
191
176
168
138
174
155
140
134
127
133
143
112
132
138
145
113
110
114
128
109
94
117
82
104
103
101
97
81
98
86
59
73
110
74
63
65
67
77
57
48
37
51
66
76
54
44
48
65
83
59
52
42
41
68
63
53
34
37
15
59
25
57
50
23
8
33
35
40
42
47
32
50
48
46
51
41
57
23
29
46
14
38
37
39
38
54
16
48
16
43
84
40
23
33
79
48
41
56
37
35
54
78
51
68
57
83
74
80
88
50
83
66
80
80
97
63
82
70
73
79
63
57
85
74
59
79
99
60
85
68
79
106
106
110
78
125
93
117
93
138
128
144
144
140
145
156
152
169
177
181
148
179
198
177
191
190
201
204
181
169
222
188
187
183
183
193
204
210
162
187
180
210
183
182
180
163
156
156
147
161
171
153
151
163
139
142
157
143
158
159
150
165
164
144
150
136
135
131
150
110
132
106
132
145
138
150
139
137
128
140
121
128
106
126
98
127
124
147
124
95
112
150
118
112
110
115
117
94
116
92
104
88
109
81
106
100
109
91
121
90
112
115
117
113
154
142
126
148
156
165
168
172
191
174
181
173
195
174
190
175
214
189
191
214
203
195
201
215
175
190
223
186
179
165
170
189
201
175
164
168
161
169
181
177
150
152
152
137
149
158
139
131
140
110
144
107
113
109
101
105
116
117
101
100
91
101
102
95
105
95
75
74
82
66
94
78
78
66
56
49
67
50
75
51
49
68
51
49
23
43
62
53
28
66
39
24
38
48
40
37
40
40
27
20
21
30
29
49
29
36
50
20
25
21
37
67
27
33
42
41
53
60
40
53
42
62
43
31
55
66
52
59
48
67
60
47
59
70
61
49
63
100
68
98
83
59
73
83
78
101
53
70
77
79
73
54
72
55
109
104
113
94
101
109
136
119
128
118
165
157
149
171
172
181
216
193
178
201
223
210
208
222
225
221
228
230
222
237
220
229
238
228
234
212
217
215
204
203
231
215
210
170
190
187
174
200
183
194
201
181
190
200
196
140
185
160
177
174
144
166
150
166
157
146
142
146
138
135
139
138
130
116
148
148
167
110
135
162
160
123
147
127
113
128
131
110
109
102
129
115
128
122
130
129
98
130
120
95
108
136
121
122
153
110
147
144
132
165
171
173
194
190
216
217
211
204
199
176
219
187
235
188
239
241
220
209
216
212
221
234
219
226
206
200
218
201
201
188
191
183
173
192
177
162
169
173
193
163
153
159
147
143
162
126
126
144
140
96
128
122
99
115
131
110
100
118
106
97
100
91
101
76
80
98
66
58
52
74
66
62
85
74
45
55
52
72
40
28
72
42
70
74
51
30
52
55
67
43
31
55
50
29
50
30
45
29
30
32
49
29
42
28
63
46
58
65
38
51
49
43
52
42
50
68
70
58
76
67
51
61
63
85
75
66
75
86
72
80
94
57
75
87
97
80
78
72
69
84
113
69
110
98
94
101
113
118
108
135
145
132
146
154
150
203
171
171
179
197
212
186
211
225
226
211
233
243
233
231
214
221
206
214
222
213
219
194
220
215
192
202
176
204
178
182
156
167
153
170
168
163
147
178
168
174
163
159
110
169
168
162
152
152
147
141
159
133
149
118
132
128
108
146
129
153
134
142
151
125
144
153
144
129
96
131
139
139
112
129
127
126
109
130
121
121
138
117
119
152
119
135
173
132
147
176
171
175
201
199
206
207
218
228
232
231
210
233
257
234
231
243
234
233
235
240
260
213
223
214
213
226
202
188
217
214
177
197
186
170
188
189
172
178
170
150
149
160
176
152
174
138
113
140
112
129
113
133
103
105
93
74
82
103
110
91
80
77
62
92
58
72
25
36
69
68
69
56
59
28
61
55
70
36
35
52
90
29
35
47
55
31
31
41
27
18
32
48
31
58
63
38
58
73
61
39
44
44
47
49
44
28
38
65
45
39
44
66
41
49
75
74
61
71
69
50
56
59
65
79
96
84
69
80
99
74
54
92
83
83
92
75
104
105
123
124
136
153
141
142
164
166
169
174
204
220
211
196
225
242
225
266
208
196
245
247
245
226
222
236
239
238
219
192
228
233
228
177
215
220
219
187
191
185
166
172
199
166
173
180
154
188
158
163
166
160
166
148
155
152
161
144
138
124
169
126
136
135
122
125
147
145
157
122
131
157
136
138
120
128
109
111
134
127
135
131
139
120
90
131
114
146
145
149
159
171
141
180
173
188
197
198
199
223
230
204
231
233
231
223
263
247
248
220
231
222
233
243
225
228
240
246
235
245
222
210
183
204
196
191
209
180
194
191
171
172
162
154
145
161
179
151
142
126
118
157
119
114
106
124
114
118
118
105
102
75
106
91
105
88
88
77
77
75
99
98
64
46
73
67
80
62
68
22
41
44
84
37
56
34
51
27
55
68
61
62
42
60
70
56
39
47
46
52
40
67
68
62
79
52
75
55
45
60
58
74
84
81
71
84
66
82
82
87
76
84
75
82
97
96
78
67
86
125
105
92
85
107
91
112
109
152
127
139
156
163
170
181
225
220
228
189
253
243
214
234
266
247
252
230
242
240
251
249
242
213
245
235
242
236
208
224
242
208
218
210
204
221
223
230
217
206
201
182
205
204
163
215
198
183
209
182
191
180
169
157
184
182
167
172
164
164
146
141
136
180
187
148
152
156
152
153
172
131
133
148
114
146
149
156
148
158
146
142
157
138
152
194
143
190
227
180
215
212
239
239
220
232
234
262
255
251
266
254
294
283
283
267
277
277
253
256
261
267
256
250
261
227
225
237
202
208
196
167
212
190
176
176
186
173
157
151
162
182
134
155
141
129
139
139
142
111
95
99
112
97
111
91
130
113
110
88
82
80
86
86
77
105
74
77
64
87
75
73
65
66
37
64
55
59
55
30
52
60
76
61
65
66
53
53
54
33
64
41
69
64
51
59
71
64
70
62
81
73
90
69
75
69
100
102
79
90
99
67
109
116
94
78
83
73
115
86
105
101
114
99
139
147
160
175
153
169
195
180
207
190
232
237
233
251
226
257
257
275
294
272
277
276
287
254
289
296
287
283
282
262
273
257
279
259
245
258
255
221
244
214
213
244
205
207
186
185
183
197
207
209
173
196
207
168
196
178
188
216
182
187
166
178
172
174
179
180
182
160
164
140
162
169
153
123
157
145
171
132
165
143
163
160
176
219
186
175
184
203
212
222
216
239
272
217
253
288
278
253
284
266
291
279
270
267
268
265
269
272
267
277
265
223
242
258
234
242
269
218
261
242
220
241
218
232
232
185
203
205
210
182
190
191
197
153
157
157
165
130
147
134
125
103
123
98
123
115
103
105
112
90
142
93
84
101
81
70
93
53
94
55
76
69
77
47
76
68
65
88
50
67
49
37
59
50
75
52
81
55
67
90
47
75
81
62
59
60
71
72
69
76
74
88
88
91
62
88
71
74
82
101
120
102
88
99
107
89
119
120
120
135
166
172
149
174
186
194
219
235
221
226
238
246
239
264
292
272
264
278
280
268
271
285
296
246
269
271
283
308
277
262
271
248
249
254
258
240
260
245
271
214
233
227
197
180
188
206
170
201
194
209
186
208
190
187
189
171
173
138
167
185
173
158
142
167
150
165
167
153
130
142
159
143
141
166
160
160
199
154
175
221
144
247
201
205
244
236
237
263
283
260
269
277
293
301
295
295
300
297
280
270
283
276
267
285
291
256
263
251
275
274
270
241
229
231
219
233
230
200
203
195
196
198
177
164
177
194
152
150
155
165
186
147
136
157
136
116
102
132
123
110
102
86
105
88
82
103
96
98
86
67
78
52
89
73
66
61
64
65
56
51
63
71
70
62
64
48
51
86
86
60
74
64
76
73
93
74
101
101
100
62
59
67
79
85
99
92
99
74
84
83
98
92
104
95
98
123
115
94
124
109
145
158
182
171
168
150
197
248
194
246
244
258
253
266
260
273
290
275
308
277
304
286
257
259
261
250
281
246
259
266
278
250
253
264
232
222
238
254
224
235
197
221
224
221
232
212
206
195
207
201
236
203
224
201
192
203
201
193
193
187
163
153
170
158
156
154
144
162
160
185
160
140
197
178
180
170
180
191
202
190
201
227
243
252
251
275
271
259
271
290
268
297
263
286
312
298
310
296
275
278
256
268
282
243
252
268
259
225
247
255
241
241
214
231
205
186
216
207
211
146
167
188
174
177
158
173
154
144
148
118
134
119
127
108
105
83
120
119
111
85
100
93
90
81
87
85
90
61
58
89
57
62
91
55
60
70
73
58
85
50
92
97
68
78
42
55
60
74
71
72
68
68
75
75
88
73
88
81
72
91
62
80
71
77
64
102
78
84
98
136
108
142
153
151
145
147
197
219
204
195
239
250
229
221
232
226
274
271
276
286
292
256
288
261
296
301
272
273
294
297
300
264
246
234
261
250
254
237
236
237
216
247
218
236
258
236
214
215
224
210
227
171
198
165
161
194
156
163
149
184
144
165
120
167
159
155
171
150
112
169
164
159
145
155
150
169
171
165
192
192
203
195
239
242
216
225
256
252
240
284
295
264
279
286
279
326
271
285
301
290
273
272
276
256
272
253
285
232
256
260
238
235
216
220
213
219
179
190
178
177
182
183
142
151
144
158
146
140
150
122
132
131
124
116
86
86
109
108
107
119
95
89
89
80
83
64
60
46
86
62
54
70
65
60
69
62
69
70
57
67
68
70
63
66
39
53
60
86
76
57
55
66
97
92
99
105
54
64
103
98
55
50
95
61
90
84
98
88
101
140
143
147
120
161
164
205
203
204
212
242
228
249
259
237
298
263
254
234
260
228
278
272
281
269
275
280
238
253
291
286
234
271
264
230
249
255
257
229
230
249
256
210
212
221
205
191
167
200
201
210
207
214
199
157
185
169
166
191
188
168
182
136
150
172
151
144
151
160
148
158
141
162
197
191
186
223
193
227
234
257
253
252
259
218
278
268
274
271
293
285
298
269
285
282
259
272
245
230
279
232
244
216
247
232
239
192
203
209
207
182
200
205
201
178
158
144
164
149
149
118
134
126
128
102
133
84
92
83
81
82
78
84
63
84
67
45
49
62
64
87
66
26
62
34
54
55
33
63
32
52
47
66
43
47
34
52
34
33
47
51
67
41
53
25
38
71
67
56
56
18
57
52
81
43
54
77
85
80
74
64
87
108
97
124
102
167
152
151
171
143
176
191
197
177
219
228
217
242
225
224
235
216
217
201
204
210
201
189
210
181
173
189
165
173
150
171
176
158
176
140
176
162
149
163
136
166
108
169
136
112
128
153
153
120
147
125
128
124
105
166
108
65
98
73
125
101
80
102
163
115
154
155
169
172
178
193
207
205
196
208
193
200
198
218
235
228
231
195
222
234
210
231
214
231
207
169
182
192
202
174
180
170
176
169
143
161
162
140
141
115
123
121
146
125
101
103
103
105
91
101
65
52
54
49
51
46
56
71
40
68
62
34
49
51
49
51
37
19
25
25
45
50
49
21
23
30
26
37
21
49
23
30
21
31
38
19
16
28
13
36
58
48
46
59
52
40
63
49
54
69
49
95
92
100
92
110
118
107
128
148
136
117
124
147
173
155
162
176
175
188
152
203
173
180
174
181
174
157
197
154
174
162
154
160
133
143
151
142
134
142
104
130
101
107
136
126
126
129
95
100
99
89
99
74
84
76
118
93
104
73
95
67
99
86
89
101
91
88
91
127
108
109
129
140
139
130
190
150
166
150
156
137
154
179
176
143
170
140
154
150
180
136
146
138
136
163
125
106
156
96
127
106
120
113
69
96
99
110
82
104
81
75
108
47
90
66
59
70
50
77
36
46
61
65
44
53
18
22
50
42
46
47
50
22
18
29
40
21
25
34
21
28
36
18
32
21
18
27
29
8
0
19
19
20
32
7
26
26
1
4
14
26
17
23
39
27
51
21
37
34
59
54
76
58
89
111
105
113
107
111
99
143
132
152
132
120
143
132
106
102
131
132
118
95
126
124
114
135
88
102
93
84
119
80
101
90
72
81
84
91
67
92
86
74
97
67
60
63
79
42
71
59
71
53
38
58
54
41
60
62
69
78
78
65
82
74
78
71
97
101
108
141
95
113
97
131
152
113
153
135
145
144
127
135
116
108
112
131
126
126
132
86
110
87
100
98
90
82
85
70
69
62
51
54
47
54
39
51
53
13
71
48
41
41
37
24
35
17
45
6
11
24
27
9
16
23
26
7
6
28
21
10
11
-2
15
12
14
7
20
13
9
-14
10
12
11
-3
32
14
22
-3
2
10
10
4
13
21
30
4
12
25
22
12
17
40
43
21
46
40
39
50
84
57
89
79
112
117
109
109
98
94
127
81
101
88
107
107
98
85
98
59
59
95
99
76
78
49
63
47
34
45
51
57
54
72
36
38
57
44
50
50
42
64
49
54
57
37
54
32
63
8
32
10
40
24
76
65
56
45
43
35
44
70
68
51
72
88
89
91
119
96
79
116
104
98
93
106
119
83
107
69
85
70
106
69
55
83
62
53
79
47
82
41
63
51
20
33
35
34
36
29
53
28
43
22
40
21
20
20
16
24
31
35
46
18
23
16
13
23
8
25
12
3
10
15
8
4
27
10
10
14
-2
10
11
-3
7
6
11
17
14
8
20
-6
12
11
20
15
16
14
-14
4
27
1
16
7
23
22
21
29
17
34
38
27
38
72
67
70
78
77
78
69
55
77
91
95
91
68
89
77
66
53
53
86
57
54
26
53
55
26
59
63
34
41
17
40
27
14
33
29
39
36
38
20
35
30
17
41
12
11
15
20
36
45
14
31
22
23
16
16
20
35
39
30
32
35
48
60
58
32
59
47
86
56
85
51
63
81
31
85
65
71
80
63
55
50
70
39
36
30
45
47
37
37
28
18
40
25
31
19
4
20
10
17
25
13
8
31
26
20
8
23
22
16
-6
9
15
0
10
-11
2
20
14
21
5
-4
-10
0
-4
-6
4
-9
-7
5
13
39
-2
14
-7
-7
-14
14
13
11
5
21
16
10
0
14
-7
8
12
31
10
2
5
7
1
22
-2
13
15
29
41
32
55
15
53
41
61
36
40
72
45
71
60
59
48
34
49
51
8
52
56
29
10
38
26
12
35
40
16
21
28
21
21
7
-2
7
22
35
22
13
14
35
24
6
14
17
20
-5
16
16
10
16
39
29
0
36
9
17
18
53
37
39
31
0
41
45
32
47
50
56
30
68
73
59
53
47
56
51
12
31
25
42
34
28
10
28
13
16
22
35
9
14
13
8
11
4
10
16
15
8
32
-5
1
10
4
1
8
-9
-6
13
13
-10
-8
7
-11
7
-4
-5
19
-3
18
4
-5
24
9
-3
6
-2
13
6
9
-8
9
5
10
15
1
6
-6
3
2
-4
2
9
5
11
23
-7
21
15
14
16
14
23
16
20
-5
54
14
